url,scan_status,finding_id,finding_title,finding_description,finding_score,tags,item_selector,item_snippet,item_node_label,item_explanation
https://ncbi.nlm.nih.gov,success,color-contrast,Background and foreground colors do not have a sufficient contrast ratio.,Low-contrast text is difficult or impossible for many users to read. [Learn how to provide sufficient color contrast](https://dequeuniversity.com/rules/axe/4.11/color-contrast).,0,,ul.rss_items > li#ui-ncbiexpander-2 > div.expanderWrapper > p.date,"<p class=""date"">",15 Apr 2026,"Fix any of the following:
  Element has insufficient color contrast of 3.54 (foreground color: #888888, background color: #ffffff, font size: 7.8pt (10.4px), font weight: normal). Expected contrast ratio of 4.5:1"
https://ncbi.nlm.nih.gov,success,color-contrast,Background and foreground colors do not have a sufficient contrast ratio.,Low-contrast text is difficult or impossible for many users to read. [Learn how to provide sufficient color contrast](https://dequeuniversity.com/rules/axe/4.11/color-contrast).,0,,ul.rss_items > li#ui-ncbiexpander-2 > div.expanderWrapper > p.desc,"<p class=""desc"">",If you use NCBI’s MedGen then you probably know it is your one-stop-shop for ac…,"Fix any of the following:
  Element has insufficient color contrast of 4.47 (foreground color: #777777, background color: #ffffff, font size: 9.8pt (13px), font weight: normal). Expected contrast ratio of 4.5:1"
https://ncbi.nlm.nih.gov,success,color-contrast,Background and foreground colors do not have a sufficient contrast ratio.,Low-contrast text is difficult or impossible for many users to read. [Learn how to provide sufficient color contrast](https://dequeuniversity.com/rules/axe/4.11/color-contrast).,0,,ul.rss_items > li#ui-ncbiexpander-3 > div.expanderWrapper > p.date,"<p class=""date"">",09 Apr 2026,"Fix any of the following:
  Element has insufficient color contrast of 3.54 (foreground color: #888888, background color: #ffffff, font size: 7.8pt (10.4px), font weight: normal). Expected contrast ratio of 4.5:1"
https://ncbi.nlm.nih.gov,success,color-contrast,Background and foreground colors do not have a sufficient contrast ratio.,Low-contrast text is difficult or impossible for many users to read. [Learn how to provide sufficient color contrast](https://dequeuniversity.com/rules/axe/4.11/color-contrast).,0,,ul.rss_items > li#ui-ncbiexpander-3 > div.expanderWrapper > p.desc,"<p class=""desc"">",Download the updated bacterial and archaeal reference genome collection! We bui…,"Fix any of the following:
  Element has insufficient color contrast of 4.47 (foreground color: #777777, background color: #ffffff, font size: 9.8pt (13px), font weight: normal). Expected contrast ratio of 4.5:1"
https://ncbi.nlm.nih.gov,success,color-contrast,Background and foreground colors do not have a sufficient contrast ratio.,Low-contrast text is difficult or impossible for many users to read. [Learn how to provide sufficient color contrast](https://dequeuniversity.com/rules/axe/4.11/color-contrast).,0,,ul.rss_items > li#ui-ncbiexpander-4 > div.expanderWrapper > p.date,"<p class=""date"">",26 Mar 2026,"Fix any of the following:
  Element has insufficient color contrast of 3.54 (foreground color: #888888, background color: #ffffff, font size: 7.8pt (10.4px), font weight: normal). Expected contrast ratio of 4.5:1"
https://ncbi.nlm.nih.gov,success,target-size,Touch targets do not have sufficient size or spacing.,Touch targets with sufficient size and spacing help users who may have difficulty targeting small controls to activate the targets. [Learn more about touch targets](https://dequeuniversity.com/rules/axe/4.11/target-size).,0,,div.row > div.col-lg-3 > p > a.text-white,"<a href=""https://www.nlm.nih.gov/accessibility.html"" class=""text-white"">",Accessibility,"Fix any of the following:
  Target has insufficient size (77.3px by 15px, should be at least 24px by 24px)
  Target has insufficient space to its closest neighbors. Safe clickable space has a diameter of 23.8px instead of at least 24px."
https://ncbi.nlm.nih.gov,success,target-size,Touch targets do not have sufficient size or spacing.,Touch targets with sufficient size and spacing help users who may have difficulty targeting small controls to activate the targets. [Learn more about touch targets](https://dequeuniversity.com/rules/axe/4.11/target-size).,0,,div.row > div.col-lg-3 > p > a.text-white,"<a href=""https://www.nlm.nih.gov/careers/careers.html"" class=""text-white"">",Careers,"Fix any of the following:
  Target has insufficient size (49.8px by 15px, should be at least 24px by 24px)
  Target has insufficient space to its closest neighbors. Safe clickable space has a diameter of 23.8px instead of at least 24px."
https://ncbi.nlm.nih.gov,success,landmark-one-main,Document does not have a main landmark.,One main landmark helps screen reader users navigate a web page. [Learn more about landmarks](https://dequeuniversity.com/rules/axe/4.11/landmark-one-main).,0,,html,"<html lang=""en"">",html,"Fix all of the following:
  Document does not have a main landmark"
https://pmc.ncbi.nlm.nih.gov,success,,,,,,,,,
https://pubmed.ncbi.nlm.nih.gov,success,,,,,,,,,
https://medlineplus.gov,success,target-size,Touch targets do not have sufficient size or spacing.,Touch targets with sufficient size and spacing help users who may have difficulty targeting small controls to activate the targets. [Learn more about touch targets](https://dequeuniversity.com/rules/axe/4.11/target-size).,0,,div.footer1 > ul.secondarynav > li > a,"<a href=""https://medlineplus.gov/about/"">",About MedlinePlus,"Fix any of the following:
  Target has insufficient size (110.9px by 21.4px, should be at least 24px by 24px)
  Target has insufficient space to its closest neighbors. Safe clickable space has a diameter of 21.4px instead of at least 24px."
https://medlineplus.gov,success,target-size,Touch targets do not have sufficient size or spacing.,Touch targets with sufficient size and spacing help users who may have difficulty targeting small controls to activate the targets. [Learn more about touch targets](https://dequeuniversity.com/rules/axe/4.11/target-size).,0,,div.footer1 > ul.secondarynav > li > a,"<a href=""https://medlineplus.gov/whatsnew/"">",What's New,"Fix any of the following:
  Target has insufficient size (69.8px by 21.4px, should be at least 24px by 24px)
  Target has insufficient space to its closest neighbors. Safe clickable space has a diameter of 21.4px instead of at least 24px."
https://medlineplus.gov,success,target-size,Touch targets do not have sufficient size or spacing.,Touch targets with sufficient size and spacing help users who may have difficulty targeting small controls to activate the targets. [Learn more about touch targets](https://dequeuniversity.com/rules/axe/4.11/target-size).,0,,div.footer1 > ul.secondarynav > li > a,"<a href=""https://medlineplus.gov/sitemap.html"">",Site Map,"Fix any of the following:
  Target has insufficient size (52.3px by 21.4px, should be at least 24px by 24px)
  Target has insufficient space to its closest neighbors. Safe clickable space has a diameter of 21.4px instead of at least 24px."
https://medlineplus.gov,success,target-size,Touch targets do not have sufficient size or spacing.,Touch targets with sufficient size and spacing help users who may have difficulty targeting small controls to activate the targets. [Learn more about touch targets](https://dequeuniversity.com/rules/axe/4.11/target-size).,0,,div.footer1 > ul.secondarynav > li > a,"<a href=""https://support.nlm.nih.gov/knowledgebase/category/?id=CAT-01231&amp;category=…"" target=""_blank"">",Customer Support,"Fix any of the following:
  Target has insufficient size (108.2px by 21.4px, should be at least 24px by 24px)
  Target has insufficient space to its closest neighbors. Safe clickable space has a diameter of 21.8px instead of at least 24px."
https://medlineplus.gov,success,target-size,Touch targets do not have sufficient size or spacing.,Touch targets with sufficient size and spacing help users who may have difficulty targeting small controls to activate the targets. [Learn more about touch targets](https://dequeuniversity.com/rules/axe/4.11/target-size).,0,,div.footer2 > ul > li > a,"<a href="" https://www.nlm.nih.gov/web_policies.html"" target=""_blank"">",NLM Web Policies,"Fix any of the following:
  Target has insufficient size (106px by 21.4px, should be at least 24px by 24px)
  Target has insufficient space to its closest neighbors. Safe clickable space has a diameter of 21.4px instead of at least 24px."
https://medlineplus.gov,success,target-size,Touch targets do not have sufficient size or spacing.,Touch targets with sufficient size and spacing help users who may have difficulty targeting small controls to activate the targets. [Learn more about touch targets](https://dequeuniversity.com/rules/axe/4.11/target-size).,0,,div.footer2 > ul > li > a,"<a href=""https://medlineplus.gov/about/using/usingcontent/"">",Copyright,"Fix any of the following:
  Target has insufficient size (59.6px by 21.4px, should be at least 24px by 24px)
  Target has insufficient space to its closest neighbors. Safe clickable space has a diameter of 21.4px instead of at least 24px."
https://medlineplus.gov,success,target-size,Touch targets do not have sufficient size or spacing.,Touch targets with sufficient size and spacing help users who may have difficulty targeting small controls to activate the targets. [Learn more about touch targets](https://dequeuniversity.com/rules/axe/4.11/target-size).,0,,div.footer2 > ul > li > a,"<a href=""https://medlineplus.gov/accessibility.html"">",Accessibility,"Fix any of the following:
  Target has insufficient size (76.3px by 21.4px, should be at least 24px by 24px)
  Target has insufficient space to its closest neighbors. Safe clickable space has a diameter of 21.4px instead of at least 24px."
https://medlineplus.gov,success,target-size,Touch targets do not have sufficient size or spacing.,Touch targets with sufficient size and spacing help users who may have difficulty targeting small controls to activate the targets. [Learn more about touch targets](https://dequeuniversity.com/rules/axe/4.11/target-size).,0,,div.footer2 > ul > li > a,"<a href=""https://medlineplus.gov/about/using/criteria/"">",Guidelines for Links,"Fix any of the following:
  Target has insufficient size (118.2px by 21.4px, should be at least 24px by 24px)
  Target has insufficient space to its closest neighbors. Safe clickable space has a diameter of 20.4px instead of at least 24px."
https://medlineplus.gov,success,target-size,Touch targets do not have sufficient size or spacing.,Touch targets with sufficient size and spacing help users who may have difficulty targeting small controls to activate the targets. [Learn more about touch targets](https://dequeuniversity.com/rules/axe/4.11/target-size).,0,,div.footer2 > ul > li > a,"<a href=""https://medlineplus.gov/plugins.html"">",Viewers & Players,"Fix any of the following:
  Target has insufficient size (106px by 21.4px, should be at least 24px by 24px)
  Target has insufficient space to its closest neighbors. Safe clickable space has a diameter of 20.4px instead of at least 24px."
https://medlineplus.gov,success,target-size,Touch targets do not have sufficient size or spacing.,Touch targets with sufficient size and spacing help users who may have difficulty targeting small controls to activate the targets. [Learn more about touch targets](https://dequeuniversity.com/rules/axe/4.11/target-size).,0,,div.footer2 > ul > li > a,"<a href=""https://www.hhs.gov/vulnerability-disclosure-policy/index.html"" target=""_blank"">",HHS Vulnerability Disclosure,"Fix any of the following:
  Target has insufficient size (167.7px by 21.4px, should be at least 24px by 24px)
  Target has insufficient space to its closest neighbors. Safe clickable space has a diameter of 20.2px instead of at least 24px."
https://medlineplus.gov,success,target-size,Touch targets do not have sufficient size or spacing.,Touch targets with sufficient size and spacing help users who may have difficulty targeting small controls to activate the targets. [Learn more about touch targets](https://dequeuniversity.com/rules/axe/4.11/target-size).,0,,div.footer2 > ul > li > a,"<a href=""https://medlineplus.gov/medlineplus-connect/"">",MedlinePlus Connect for EHRs,"Fix any of the following:
  Target has insufficient size (178.8px by 21.4px, should be at least 24px by 24px)
  Target has insufficient space to its closest neighbors. Safe clickable space has a diameter of 20.2px instead of at least 24px."
https://medlineplus.gov,success,target-size,Touch targets do not have sufficient size or spacing.,Touch targets with sufficient size and spacing help users who may have difficulty targeting small controls to activate the targets. [Learn more about touch targets](https://dequeuniversity.com/rules/axe/4.11/target-size).,0,,div.footer2 > ul > li > a,"<a href=""https://medlineplus.gov/about/developers/"">",For Developers,"Fix any of the following:
  Target has insufficient size (90.2px by 21.4px, should be at least 24px by 24px)
  Target has insufficient space to its closest neighbors. Safe clickable space has a diameter of 21.4px instead of at least 24px."
https://medlineplus.gov,success,target-size,Touch targets do not have sufficient size or spacing.,Touch targets with sufficient size and spacing help users who may have difficulty targeting small controls to activate the targets. [Learn more about touch targets](https://dequeuniversity.com/rules/axe/4.11/target-size).,0,,div#mplus-footer > div.footer2 > div.address > a,"<a href=""https://www.hhs.gov"" target=""_blank"">",U.S. Department of Health and Human Services,"Fix any of the following:
  Target has insufficient size (388px by 21px, should be at least 24px by 24px)
  Target has insufficient space to its closest neighbors. Safe clickable space has a diameter of 18px instead of at least 24px."
https://medlineplus.gov,success,target-size,Touch targets do not have sufficient size or spacing.,Touch targets with sufficient size and spacing help users who may have difficulty targeting small controls to activate the targets. [Learn more about touch targets](https://dequeuniversity.com/rules/axe/4.11/target-size).,0,,div#mplus-footer > div.footer2 > div.address > a,"<a href=""https://www.nih.gov"" target=""_blank"">",National Institutes of Health,"Fix any of the following:
  Target has insufficient size (388px by 21px, should be at least 24px by 24px)
  Target has insufficient space to its closest neighbors. Safe clickable space has a diameter of 18px instead of at least 24px."
https://medlineplus.gov,success,target-size,Touch targets do not have sufficient size or spacing.,Touch targets with sufficient size and spacing help users who may have difficulty targeting small controls to activate the targets. [Learn more about touch targets](https://dequeuniversity.com/rules/axe/4.11/target-size).,0,,div#mplus-footer > div.footer2 > div.address > a,"<a target=""_blank"" href=""https://www.nih.gov/icd/od/foia/index.htm"">",FOIA,"Fix any of the following:
  Target has insufficient size (388px by 21px, should be at least 24px by 24px)
  Target has insufficient space to its closest neighbors. Safe clickable space has a diameter of 18px instead of at least 24px."
https://medlineplus.gov,success,target-size,Touch targets do not have sufficient size or spacing.,Touch targets with sufficient size and spacing help users who may have difficulty targeting small controls to activate the targets. [Learn more about touch targets](https://dequeuniversity.com/rules/axe/4.11/target-size).,0,,div#mplus-footer > div.footer2 > div.address > a,"<a target=""_blank"" href=""https://www.usa.gov/"">",USA.gov,"Fix any of the following:
  Target has insufficient size (388px by 21px, should be at least 24px by 24px)
  Target has insufficient space to its closest neighbors. Safe clickable space has a diameter of 18px instead of at least 24px."
https://medlineplus.gov,success,landmark-one-main,Document does not have a main landmark.,One main landmark helps screen reader users navigate a web page. [Learn more about landmarks](https://dequeuniversity.com/rules/axe/4.11/landmark-one-main).,0,,html#home,"<html lang=""en"" id=""home"" class=""us"" data-root=""https://medlineplus.gov/"">",html#home,"Fix all of the following:
  Document does not have a main landmark"
https://pubchem.ncbi.nlm.nih.gov,success,,,,,,,,,
https://collections.nlm.nih.gov,success,aria-input-field-name,ARIA input fields do not have accessible names,"When an input field doesn't have an accessible name, screen readers announce it with a generic name, making it unusable for users who rely on screen readers. [Learn more about input field labels](https://dequeuniversity.com/rules/axe/4.11/aria-input-field-name).",0,,section.col-md-12 > div.container > div#collectionsSliderMobile > div.carousel-inner,"<div class=""carousel-inner"" role=""listbox"">","Archives & Personal Papers Collections
Digitized personal papers and organizati…","Fix any of the following:
  aria-label attribute does not exist or is empty
  aria-labelledby attribute does not exist, references elements that do not exist or references elements that are empty
  Element has no title attribute"
https://collections.nlm.nih.gov,success,aria-input-field-name,ARIA input fields do not have accessible names,"When an input field doesn't have an accessible name, screen readers announce it with a generic name, making it unusable for users who rely on screen readers. [Learn more about input field labels](https://dequeuniversity.com/rules/axe/4.11/aria-input-field-name).",0,,section.col-md-12 > div.container > div#recentDigiMobile > div.carousel-inner,"<div class=""carousel-inner"" role=""listbox"">","The classic Greek dictionary, in two parts: Greek-English and English-Greek, wi…","Fix any of the following:
  aria-label attribute does not exist or is empty
  aria-labelledby attribute does not exist, references elements that do not exist or references elements that are empty
  Element has no title attribute"
https://collections.nlm.nih.gov,success,aria-required-children,Elements with an ARIA `[role]` that require children to contain a specific `[role]` are missing some or all of those required children.,Some ARIA parent roles must contain specific child roles to perform their intended accessibility functions. [Learn more about roles and required children elements](https://dequeuniversity.com/rules/axe/4.11/aria-required-children).,0,,section.col-md-12 > div.container > div#collectionsSliderMobile > div.carousel-inner,"<div class=""carousel-inner"" role=""listbox"">","Archives & Personal Papers Collections
Digitized personal papers and organizati…","Fix any of the following:
  Element has children which are not allowed: a[tabindex]"
https://collections.nlm.nih.gov,success,aria-required-children,Elements with an ARIA `[role]` that require children to contain a specific `[role]` are missing some or all of those required children.,Some ARIA parent roles must contain specific child roles to perform their intended accessibility functions. [Learn more about roles and required children elements](https://dequeuniversity.com/rules/axe/4.11/aria-required-children).,0,,section.col-md-12 > div.container > div#recentDigiMobile > div.carousel-inner,"<div class=""carousel-inner"" role=""listbox"">","The classic Greek dictionary, in two parts: Greek-English and English-Greek, wi…","Fix any of the following:
  Element has children which are not allowed: a[tabindex]"
https://collections.nlm.nih.gov,success,heading-order,Heading elements are not in a sequentially-descending order,"Properly ordered headings that do not skip levels convey the semantic structure of the page, making it easier to navigate and understand when using assistive technologies. [Learn more about heading order](https://dequeuniversity.com/rules/axe/4.11/heading-order).",0,,div.row > section.col-md-12 > div.container > h4.fw-bold,"<h4 class=""fw-bold"">",Collections View all,"Fix any of the following:
  Heading order invalid"
https://collections.nlm.nih.gov,success,heading-order,Heading elements are not in a sequentially-descending order,"Properly ordered headings that do not skip levels convey the semantic structure of the page, making it easier to navigate and understand when using assistive technologies. [Learn more about heading order](https://dequeuniversity.com/rules/axe/4.11/heading-order).",0,,div.card > div.card-body > a > h6.fw-bold,"<h6 class=""fw-bold"">",Archives & Personal Papers Collections,"Fix any of the following:
  Heading order invalid"
https://collections.nlm.nih.gov,success,heading-order,Heading elements are not in a sequentially-descending order,"Properly ordered headings that do not skip levels convey the semantic structure of the page, making it easier to navigate and understand when using assistive technologies. [Learn more about heading order](https://dequeuniversity.com/rules/axe/4.11/heading-order).",0,,div.card > a > div.card-body > h6,<h6>,IndexCat™,"Fix any of the following:
  Heading order invalid"
https://clinicaltrials.gov,success,color-contrast,Background and foreground colors do not have a sufficient contrast ratio.,Low-contrast text is difficult or impossible for many users to read. [Learn how to provide sufficient color contrast](https://dequeuniversity.com/rules/axe/4.11/color-contrast).,0,,ctg-home-search-panel > div.home-search-panel > div.search-panel-header > span,"<span _ngcontent-ng-c1977509329="""">",(all filters optional),"Fix any of the following:
  Element has insufficient color contrast of 4.35 (foreground color: #71767a, background color: #f9f9f7, font size: 10.5pt (14px), font weight: bold). Expected contrast ratio of 4.5:1"
https://clinicaltrials.gov,success,label-content-name-mismatch,Elements with visible text labels do not have matching accessible names.,Visible text labels that do not match the accessible name can result in a confusing experience for screen reader users. [Learn more about accessible names](https://dequeuniversity.com/rules/axe/4.11/label-content-name-mismatch).,0,,div.usa-alert__body > div.usa-accordion > div.usa-accordion__heading > button.usa-accordion__button,"<button _ngcontent-ng-c232542777="""" aria-controls=""disclaimer-extended-section"" class=""usa-accordion__button"" aria-expanded=""false"" aria-label=""Expand disclaimer"">",The U.S. government does not review or approve the safety and science of all st…,"Fix any of the following:
  Text inside the element is not included in the accessible name"
https://dailymed.nlm.nih.gov,success,color-contrast,Background and foreground colors do not have a sufficient contrast ratio.,Low-contrast text is difficult or impossible for many users to read. [Learn how to provide sufficient color contrast](https://dequeuniversity.com/rules/axe/4.11/color-contrast).,0,,div.searchNav > ul.searchType > li.human > label,"<label for=""labeltype-human"">",HUMAN DRUGS,"Fix any of the following:
  Element has insufficient color contrast of 3.38 (foreground color: #a1dfff, background color: #2b789f, font size: 9.0pt (12px), font weight: normal). Expected contrast ratio of 4.5:1"
https://dailymed.nlm.nih.gov,success,color-contrast,Background and foreground colors do not have a sufficient contrast ratio.,Low-contrast text is difficult or impossible for many users to read. [Learn how to provide sufficient color contrast](https://dequeuniversity.com/rules/axe/4.11/color-contrast).,0,,div.searchNav > ul.searchType > li.animal > label,"<label for=""labeltype-animal"">",ANIMAL DRUGS,"Fix any of the following:
  Element has insufficient color contrast of 3.38 (foreground color: #a1dfff, background color: #2b789f, font size: 9.0pt (12px), font weight: normal). Expected contrast ratio of 4.5:1"
https://dailymed.nlm.nih.gov,success,color-contrast,Background and foreground colors do not have a sufficient contrast ratio.,Low-contrast text is difficult or impossible for many users to read. [Learn how to provide sufficient color contrast](https://dequeuniversity.com/rules/axe/4.11/color-contrast).,0,,form > div.searchForm > div.searchInput > input#searchQuery,"<input id=""searchQuery"" name=""query"" tabindex=""0"" placeholder=""Enter drug, NDC code, drug class, or Set ID"" autocorrect=""off"" autocapitalize=""off"" class=""ui-autocomplete-input"" autocomplete=""off"" type=""text"">",form > div.searchForm > div.searchInput > input#searchQuery,"Fix any of the following:
  Element has insufficient color contrast of 2.55 (foreground color: #a2a2a2, background color: #ffffff, font size: 10.5pt (14px), font weight: normal). Expected contrast ratio of 4.5:1"
https://dailymed.nlm.nih.gov,success,color-contrast,Background and foreground colors do not have a sufficient contrast ratio.,Low-contrast text is difficult or impossible for many users to read. [Learn how to provide sufficient color contrast](https://dequeuniversity.com/rules/axe/4.11/color-contrast).,0,,div.footer-links > ul.primary > li > a,"<a href=""/dailymed/about-dailymed.cfm"">",About DailyMed,"Fix any of the following:
  Element has insufficient color contrast of 3.93 (foreground color: #c7ecff, background color: #2b789f, font size: 9.0pt (12px), font weight: normal). Expected contrast ratio of 4.5:1"
https://dailymed.nlm.nih.gov,success,color-contrast,Background and foreground colors do not have a sufficient contrast ratio.,Low-contrast text is difficult or impossible for many users to read. [Learn how to provide sufficient color contrast](https://dequeuniversity.com/rules/axe/4.11/color-contrast).,0,,div.footer-links > ul.primary > li > a,"<a href=""https://support.nlm.nih.gov/support/create-case/"" target=""_blank"" rel=""noopener noreferrer"">",Customer Support,"Fix any of the following:
  Element has insufficient color contrast of 3.93 (foreground color: #c7ecff, background color: #2b789f, font size: 9.0pt (12px), font weight: normal). Expected contrast ratio of 4.5:1"
https://dailymed.nlm.nih.gov,success,color-contrast,Background and foreground colors do not have a sufficient contrast ratio.,Low-contrast text is difficult or impossible for many users to read. [Learn how to provide sufficient color contrast](https://dequeuniversity.com/rules/axe/4.11/color-contrast).,0,,div.footer-links > ul.primary > li > a,"<a href=""//www.nlm.nih.gov/copyright.html"" target=""_blank"" rel=""bookmark noopener noreferrer"">",Copyright,"Fix any of the following:
  Element has insufficient color contrast of 3.93 (foreground color: #c7ecff, background color: #2b789f, font size: 9.0pt (12px), font weight: normal). Expected contrast ratio of 4.5:1"
https://dailymed.nlm.nih.gov,success,color-contrast,Background and foreground colors do not have a sufficient contrast ratio.,Low-contrast text is difficult or impossible for many users to read. [Learn how to provide sufficient color contrast](https://dequeuniversity.com/rules/axe/4.11/color-contrast).,0,,div.footer-links > ul.primary > li > a,"<a href=""//www.nlm.nih.gov/privacy.html"" target=""_blank"" rel=""bookmark noopener noreferrer"">",Privacy,"Fix any of the following:
  Element has insufficient color contrast of 3.93 (foreground color: #c7ecff, background color: #2b789f, font size: 9.0pt (12px), font weight: normal). Expected contrast ratio of 4.5:1"
https://dailymed.nlm.nih.gov,success,color-contrast,Background and foreground colors do not have a sufficient contrast ratio.,Low-contrast text is difficult or impossible for many users to read. [Learn how to provide sufficient color contrast](https://dequeuniversity.com/rules/axe/4.11/color-contrast).,0,,div.footer-links > ul.primary > li > a,"<a href=""//www.nlm.nih.gov/accessibility.html"" target=""_blank"" rel=""bookmark noopener noreferrer"">",Web Accessibility,"Fix any of the following:
  Element has insufficient color contrast of 3.93 (foreground color: #c7ecff, background color: #2b789f, font size: 9.0pt (12px), font weight: normal). Expected contrast ratio of 4.5:1"
https://dailymed.nlm.nih.gov,success,color-contrast,Background and foreground colors do not have a sufficient contrast ratio.,Low-contrast text is difficult or impossible for many users to read. [Learn how to provide sufficient color contrast](https://dequeuniversity.com/rules/axe/4.11/color-contrast).,0,,div.footer-links > ul.primary > li > a,"<a href=""https://www.hhs.gov/vulnerability-disclosure-policy/index.html"" target=""_blank"" rel=""bookmark noopener noreferrer"">",HHS Vulnerability Disclosure,"Fix any of the following:
  Element has insufficient color contrast of 3.93 (foreground color: #c7ecff, background color: #2b789f, font size: 9.0pt (12px), font weight: normal). Expected contrast ratio of 4.5:1"
https://dailymed.nlm.nih.gov,success,color-contrast,Background and foreground colors do not have a sufficient contrast ratio.,Low-contrast text is difficult or impossible for many users to read. [Learn how to provide sufficient color contrast](https://dequeuniversity.com/rules/axe/4.11/color-contrast).,0,,div.footer-links > ul.secondary > li > a,"<a href=""https://www.nih.gov/"" target=""_blank"" rel=""bookmark noopener noreferrer"">",NIH,"Fix any of the following:
  Element has insufficient color contrast of 3.93 (foreground color: #c7ecff, background color: #2b789f, font size: 9.0pt (12px), font weight: normal). Expected contrast ratio of 4.5:1"
https://dailymed.nlm.nih.gov,success,color-contrast,Background and foreground colors do not have a sufficient contrast ratio.,Low-contrast text is difficult or impossible for many users to read. [Learn how to provide sufficient color contrast](https://dequeuniversity.com/rules/axe/4.11/color-contrast).,0,,div.footer-links > ul.secondary > li > a,"<a href=""//www.nlm.nih.gov/"" target=""_blank"" rel=""bookmark noopener noreferrer"">",NLM,"Fix any of the following:
  Element has insufficient color contrast of 3.93 (foreground color: #c7ecff, background color: #2b789f, font size: 9.0pt (12px), font weight: normal). Expected contrast ratio of 4.5:1"
https://dailymed.nlm.nih.gov,success,color-contrast,Background and foreground colors do not have a sufficient contrast ratio.,Low-contrast text is difficult or impossible for many users to read. [Learn how to provide sufficient color contrast](https://dequeuniversity.com/rules/axe/4.11/color-contrast).,0,,div.footer-links > ul.secondary > li > a,"<a href=""https://www.hhs.gov/"" target=""_blank"" rel=""bookmark noopener noreferrer"">",Health & Human Services,"Fix any of the following:
  Element has insufficient color contrast of 3.93 (foreground color: #c7ecff, background color: #2b789f, font size: 9.0pt (12px), font weight: normal). Expected contrast ratio of 4.5:1"
https://dailymed.nlm.nih.gov,success,target-size,Touch targets do not have sufficient size or spacing.,Touch targets with sufficient size and spacing help users who may have difficulty targeting small controls to activate the targets. [Learn more about touch targets](https://dequeuniversity.com/rules/axe/4.11/target-size).,0,,div.footer-links > div.social > div.addthis_toolbox > a.email-share,"<a class=""email-share"" href=""mailto:?subject=DailyMed%20Website%20Information&amp;Body=I%20would%20like%20t…"">",div.footer-links > div.social > div.addthis_toolbox > a.email-share,"Fix any of the following:
  Target has insufficient size (16px by 16px, should be at least 24px by 24px)
  Target has insufficient space to its closest neighbors. Safe clickable space has a diameter of 18px instead of at least 24px."
https://dailymed.nlm.nih.gov,success,landmark-one-main,Document does not have a main landmark.,One main landmark helps screen reader users navigate a web page. [Learn more about landmarks](https://dequeuniversity.com/rules/axe/4.11/landmark-one-main).,0,,html.js,"<html lang=""en"" class=""js flexbox canvas canvastext webgl no-touch geolocation postmessage no-web…"" style="""">",html.js,"Fix all of the following:
  Document does not have a main landmark"
https://vsearch.nlm.nih.gov,success,,,,,,,,,
https://blast.ncbi.nlm.nih.gov,success,color-contrast,Background and foreground colors do not have a sufficient contrast ratio.,Low-contrast text is difficult or impossible for many users to read. [Learn how to provide sufficient color contrast](https://dequeuniversity.com/rules/axe/4.11/color-contrast).,0,,div#blast_desc > span > a#moreHelp > span.ui-ncbitoggler-master-text,"<span class=""ui-ncbitoggler-master-text"">",Learn more,"Fix any of the following:
  Element has insufficient color contrast of 4.25 (foreground color: #0071bc, background color: #e4eaf6, font size: 12.8pt (17px), font weight: normal). Expected contrast ratio of 4.5:1"
https://blast.ncbi.nlm.nih.gov,success,color-contrast,Background and foreground colors do not have a sufficient contrast ratio.,Low-contrast text is difficult or impossible for many users to read. [Learn how to provide sufficient color contrast](https://dequeuniversity.com/rules/axe/4.11/color-contrast).,0,,div#top > div#gn_search > form#fgs > input#qorganism,"<input name=""TAXID"" size=""55"" type=""text"" topoption="""" id=""qorganism"" value="""" data-jigconfig=""dictionary:'bdb_euk_ref_viruses_rep_genomes_sg',isCrossDomain:false"" autocomplete=""off"" data-jig=""ncbiautocomplete"" class=""reset bl orgHint"" suggesthint=""Enter organism common name, scientific name, or tax id"" aria-haspopup=""true"" aria-autocomplete=""list"" role=""textbox"">",div#top > div#gn_search > form#fgs > input#qorganism,"Fix any of the following:
  Element has insufficient color contrast of 2.32 (foreground color: #aaaaaa, background color: #ffffff, font size: 11.5pt (15.3px), font weight: normal). Expected contrast ratio of 4.5:1"
https://blast.ncbi.nlm.nih.gov,success,color-contrast,Background and foreground colors do not have a sufficient contrast ratio.,Low-contrast text is difficult or impossible for many users to read. [Learn how to provide sufficient color contrast](https://dequeuniversity.com/rules/axe/4.11/color-contrast).,0,,div#gn_search > ul > li > a,"<a href=""Blast.cgi?PAGE_TYPE=BlastSearch&amp;BLAST_SPEC=OGP__9606__9558&amp;LINK_LOC=blasth…"">",Human,"Fix any of the following:
  Element has insufficient color contrast of 4.25 (foreground color: #0071bc, background color: #e4eaf6, font size: 10.8pt (14.45px), font weight: normal). Expected contrast ratio of 4.5:1"
https://blast.ncbi.nlm.nih.gov,success,color-contrast,Background and foreground colors do not have a sufficient contrast ratio.,Low-contrast text is difficult or impossible for many users to read. [Learn how to provide sufficient color contrast](https://dequeuniversity.com/rules/axe/4.11/color-contrast).,0,,div#gn_search > ul > li > a,"<a href=""Blast.cgi?PAGE_TYPE=BlastSearch&amp;BLAST_SPEC=OGP__10090__9559&amp;LINK_LOC=blast…"">",Mouse,"Fix any of the following:
  Element has insufficient color contrast of 4.25 (foreground color: #0071bc, background color: #e4eaf6, font size: 10.8pt (14.45px), font weight: normal). Expected contrast ratio of 4.5:1"
https://blast.ncbi.nlm.nih.gov,success,color-contrast,Background and foreground colors do not have a sufficient contrast ratio.,Low-contrast text is difficult or impossible for many users to read. [Learn how to provide sufficient color contrast](https://dequeuniversity.com/rules/axe/4.11/color-contrast).,0,,div#gn_search > ul > li > a,"<a href=""Blast.cgi?PAGE_TYPE=BlastSearch&amp;BLAST_SPEC=OGP__10116__10621&amp;LINK_LOC=blas…"">",Rat,"Fix any of the following:
  Element has insufficient color contrast of 4.25 (foreground color: #0071bc, background color: #e4eaf6, font size: 10.8pt (14.45px), font weight: normal). Expected contrast ratio of 4.5:1"
https://blast.ncbi.nlm.nih.gov,success,color-contrast,Background and foreground colors do not have a sufficient contrast ratio.,Low-contrast text is difficult or impossible for many users to read. [Learn how to provide sufficient color contrast](https://dequeuniversity.com/rules/axe/4.11/color-contrast).,0,,div#gn_search > ul > li > a,"<a href=""Blast.cgi?PAGE_TYPE=BlastSearch&amp;BLAST_SPEC=MicrobialGenomes"">",Microbes,"Fix any of the following:
  Element has insufficient color contrast of 4.25 (foreground color: #0071bc, background color: #e4eaf6, font size: 10.8pt (14.45px), font weight: normal). Expected contrast ratio of 4.5:1"
https://blast.ncbi.nlm.nih.gov,success,skip-link,Skip links are not focusable.,Including a skip link can help users skip to the main content to save time. [Learn more about skip links](https://dequeuniversity.com/rules/axe/4.11/skip-link).,0,,body#type-d > header.ncbi-header > a.usa-skipnav,"<a class=""usa-skipnav"" href=""#mainCont"">",Skip to main page content,"Fix any of the following:
  No skip link target"
https://blast.ncbi.nlm.nih.gov,success,target-size,Touch targets do not have sufficient size or spacing.,Touch targets with sufficient size and spacing help users who may have difficulty targeting small controls to activate the targets. [Learn more about touch targets](https://dequeuniversity.com/rules/axe/4.11/target-size).,0,,div#gn_search > ul > li > a,"<a href=""Blast.cgi?PAGE_TYPE=BlastSearch&amp;BLAST_SPEC=OGP__9606__9558&amp;LINK_LOC=blasth…"">",Human,"Fix any of the following:
  Target has insufficient size (46.7px by 17px, should be at least 24px by 24px)
  Target has insufficient space to its closest neighbors. Safe clickable space has a diameter of 23px instead of at least 24px."
https://blast.ncbi.nlm.nih.gov,success,target-size,Touch targets do not have sufficient size or spacing.,Touch targets with sufficient size and spacing help users who may have difficulty targeting small controls to activate the targets. [Learn more about touch targets](https://dequeuniversity.com/rules/axe/4.11/target-size).,0,,div#gn_search > ul > li > a,"<a href=""Blast.cgi?PAGE_TYPE=BlastSearch&amp;BLAST_SPEC=OGP__10090__9559&amp;LINK_LOC=blast…"">",Mouse,"Fix any of the following:
  Target has insufficient size (43.9px by 17px, should be at least 24px by 24px)
  Target has insufficient space to its closest neighbors. Safe clickable space has a diameter of 23px instead of at least 24px."
https://blast.ncbi.nlm.nih.gov,success,target-size,Touch targets do not have sufficient size or spacing.,Touch targets with sufficient size and spacing help users who may have difficulty targeting small controls to activate the targets. [Learn more about touch targets](https://dequeuniversity.com/rules/axe/4.11/target-size).,0,,div#gn_search > ul > li > a,"<a href=""Blast.cgi?PAGE_TYPE=BlastSearch&amp;BLAST_SPEC=OGP__10116__10621&amp;LINK_LOC=blas…"">",Rat,"Fix any of the following:
  Target has insufficient size (21.5px by 17px, should be at least 24px by 24px)
  Target has insufficient space to its closest neighbors. Safe clickable space has a diameter of 23px instead of at least 24px."
https://blast.ncbi.nlm.nih.gov,success,target-size,Touch targets do not have sufficient size or spacing.,Touch targets with sufficient size and spacing help users who may have difficulty targeting small controls to activate the targets. [Learn more about touch targets](https://dequeuniversity.com/rules/axe/4.11/target-size).,0,,div#gn_search > ul > li > a,"<a href=""Blast.cgi?PAGE_TYPE=BlastSearch&amp;BLAST_SPEC=MicrobialGenomes"">",Microbes,"Fix any of the following:
  Target has insufficient size (59.8px by 17px, should be at least 24px by 24px)
  Target has insufficient space to its closest neighbors. Safe clickable space has a diameter of 23px instead of at least 24px."
https://blast.ncbi.nlm.nih.gov,success,landmark-one-main,Document does not have a main landmark.,One main landmark helps screen reader users navigate a web page. [Learn more about landmarks](https://dequeuniversity.com/rules/axe/4.11/landmark-one-main).,0,,html,"<html xmlns=""http://www.w3.org/1999/xhtml"" xml:lang=""en"" lang=""en"">",html,"Fix all of the following:
  Document does not have a main landmark"
https://account.ncbi.nlm.nih.gov,success,,,,,,,,,
https://openi.nlm.nih.gov,success,color-contrast,Background and foreground colors do not have a sufficient contrast ratio.,Low-contrast text is difficult or impossible for many users to read. [Learn how to provide sufficient color contrast](https://dequeuniversity.com/rules/axe/4.11/color-contrast).,0,,div#content > app-home > div.openi-related-sites > div,"<div _ngcontent-ng-c2263394713="""">",Related Sites:,"Fix any of the following:
  Element has insufficient color contrast of 2.35 (foreground color: #a9a9a9, background color: #ffffff, font size: 10.5pt (14px), font weight: bold). Expected contrast ratio of 4.5:1"
https://openi.nlm.nih.gov,success,document-title,Document doesn't have a `<title>` element,"The title gives screen reader users an overview of the page, and search engine users rely on it heavily to determine if a page is relevant to their search. [Learn more about document titles](https://dequeuniversity.com/rules/axe/4.11/document-title).",0,,html,"<html lang=""en"">",html,"Fix any of the following:
  Document does not have a non-empty <title> element"
https://openi.nlm.nih.gov,success,image-alt,Image elements do not have `[alt]` attributes,"Informative elements should aim for short, descriptive alternate text. Decorative elements can be ignored with an empty alt attribute. [Learn more about the `alt` attribute](https://dequeuniversity.com/rules/axe/4.11/image-alt).",0,,div.top-bar > div.logo > div.logo-image > img,"<img _ngcontent-ng-c479126218="""" src=""/assets/images/open-i-r-flat-01.svg"">",div.top-bar > div.logo > div.logo-image > img,"Fix any of the following:
  Element does not have an alt attribute
  aria-label attribute does not exist or is empty
  aria-labelledby attribute does not exist, references elements that do not exist or references elements that are empty
  Element has no title attribute
  Element's default semantics were not overridden with role=""none"" or role=""presentation"""
https://openi.nlm.nih.gov,success,image-alt,Image elements do not have `[alt]` attributes,"Informative elements should aim for short, descriptive alternate text. Decorative elements can be ignored with an empty alt attribute. [Learn more about the `alt` attribute](https://dequeuniversity.com/rules/axe/4.11/image-alt).",0,,div.result > div.image > a > img,"<img _ngcontent-ng-c2263394713="""" src=""/imgs/150/119/4007713/PMC4007713_DEV098061F2.png"">",div.result > div.image > a > img,"Fix any of the following:
  Element does not have an alt attribute
  aria-label attribute does not exist or is empty
  aria-labelledby attribute does not exist, references elements that do not exist or references elements that are empty
  Element has no title attribute
  Element's default semantics were not overridden with role=""none"" or role=""presentation"""
https://openi.nlm.nih.gov,success,image-alt,Image elements do not have `[alt]` attributes,"Informative elements should aim for short, descriptive alternate text. Decorative elements can be ignored with an empty alt attribute. [Learn more about the `alt` attribute](https://dequeuniversity.com/rules/axe/4.11/image-alt).",0,,div.result > div.image > a > img,"<img _ngcontent-ng-c2263394713="""" src=""/imgs/150/112/2883703/PMC2883703_6605702f1.png"">",div.result > div.image > a > img,"Fix any of the following:
  Element does not have an alt attribute
  aria-label attribute does not exist or is empty
  aria-labelledby attribute does not exist, references elements that do not exist or references elements that are empty
  Element has no title attribute
  Element's default semantics were not overridden with role=""none"" or role=""presentation"""
https://openi.nlm.nih.gov,success,image-alt,Image elements do not have `[alt]` attributes,"Informative elements should aim for short, descriptive alternate text. Decorative elements can be ignored with an empty alt attribute. [Learn more about the `alt` attribute](https://dequeuniversity.com/rules/axe/4.11/image-alt).",0,,div.result > div.image > a > img,"<img _ngcontent-ng-c2263394713="""" src=""/imgs/150/317/3660244/PMC3660244_1479-5876-11-110-2.png"">",div.result > div.image > a > img,"Fix any of the following:
  Element does not have an alt attribute
  aria-label attribute does not exist or is empty
  aria-labelledby attribute does not exist, references elements that do not exist or references elements that are empty
  Element has no title attribute
  Element's default semantics were not overridden with role=""none"" or role=""presentation"""
https://openi.nlm.nih.gov,success,link-name,Links do not have a discernible name,"Link text (and alternate text for images, when used as links) that is discernible, unique, and focusable improves the navigation experience for screen reader users. [Learn how to make links accessible](https://dequeuniversity.com/rules/axe/4.11/link-name).",0,,div.results > div.result > div.image > a,"<a _ngcontent-ng-c2263394713="""" href=""/gridquery?q=ear&amp;it=xg&amp;m=1&amp;n=100"">",div.results > div.result > div.image > a,"Fix all of the following:
  Element is in tab order and does not have accessible text

Fix any of the following:
  Element does not have text that is visible to screen readers
  aria-label attribute does not exist or is empty
  aria-labelledby attribute does not exist, references elements that do not exist or references elements that are empty
  Element has no title attribute"
https://openi.nlm.nih.gov,success,link-name,Links do not have a discernible name,"Link text (and alternate text for images, when used as links) that is discernible, unique, and focusable improves the navigation experience for screen reader users. [Learn how to make links accessible](https://dequeuniversity.com/rules/axe/4.11/link-name).",0,,div.results > div.result > div.image > a,"<a _ngcontent-ng-c2263394713="""" href=""/gridquery?q=MYOGLOBIN&amp;it=xg&amp;m=1&amp;n=100"">",div.results > div.result > div.image > a,"Fix all of the following:
  Element is in tab order and does not have accessible text

Fix any of the following:
  Element does not have text that is visible to screen readers
  aria-label attribute does not exist or is empty
  aria-labelledby attribute does not exist, references elements that do not exist or references elements that are empty
  Element has no title attribute"
https://openi.nlm.nih.gov,success,link-name,Links do not have a discernible name,"Link text (and alternate text for images, when used as links) that is discernible, unique, and focusable improves the navigation experience for screen reader users. [Learn how to make links accessible](https://dequeuniversity.com/rules/axe/4.11/link-name).",0,,div.results > div.result > div.image > a,"<a _ngcontent-ng-c2263394713="""" href=""/gridquery?q=tumor&amp;it=xg&amp;m=1&amp;n=100"">",div.results > div.result > div.image > a,"Fix all of the following:
  Element is in tab order and does not have accessible text

Fix any of the following:
  Element does not have text that is visible to screen readers
  aria-label attribute does not exist or is empty
  aria-labelledby attribute does not exist, references elements that do not exist or references elements that are empty
  Element has no title attribute"
https://openi.nlm.nih.gov,success,list,Lists do not contain only `<li>` elements and script supporting elements (`<script>` and `<template>`).,Screen readers have a specific way of announcing lists. Ensuring proper list structure aids screen reader output. [Learn more about proper list structure](https://dequeuniversity.com/rules/axe/4.11/list).,0,,div.container > div.row > div.col-md-3 > ul.list-inline,"<ul _ngcontent-ng-c2943100758="""" class=""list-inline social_media"">",Twitter,"Fix all of the following:
  List element has direct children that are not allowed: a"
https://openi.nlm.nih.gov,success,target-size,Touch targets do not have sufficient size or spacing.,Touch targets with sufficient size and spacing help users who may have difficulty targeting small controls to activate the targets. [Learn more about touch targets](https://dequeuniversity.com/rules/axe/4.11/target-size).,0,,div.row > div.col-md-3 > p > a#anch_70,"<a _ngcontent-ng-c2943100758="""" href=""https://www.nlm.nih.gov/web_policies.html"" id=""anch_70"" class=""text-white"">",Web Policies,"Fix any of the following:
  Target has insufficient size (85.5px by 14px, should be at least 24px by 24px)
  Target has insufficient space to its closest neighbors. Safe clickable space has a diameter of 6px instead of at least 24px."
https://openi.nlm.nih.gov,success,target-size,Touch targets do not have sufficient size or spacing.,Touch targets with sufficient size and spacing help users who may have difficulty targeting small controls to activate the targets. [Learn more about touch targets](https://dequeuniversity.com/rules/axe/4.11/target-size).,0,,div.row > div.col-md-3 > p > a#anch_71,"<a _ngcontent-ng-c2943100758="""" href=""https://www.nih.gov/institutes-nih/nih-office-director/office-communicatio…"" id=""anch_71"" class=""text-white"">",FOIA,"Fix any of the following:
  Target has insufficient size (32.2px by 14px, should be at least 24px by 24px)
  Target has insufficient space to its closest neighbors. Safe clickable space has a diameter of 6px instead of at least 24px."
https://openi.nlm.nih.gov,success,target-size,Touch targets do not have sufficient size or spacing.,Touch targets with sufficient size and spacing help users who may have difficulty targeting small controls to activate the targets. [Learn more about touch targets](https://dequeuniversity.com/rules/axe/4.11/target-size).,0,,div.row > div.col-md-3 > p > a#anch_73,"<a _ngcontent-ng-c2943100758="""" href=""https://support.nlm.nih.gov/support/create-case/?from=https://lhncbc.nlm.n…"" id=""anch_73"" class=""supportLink text-white"">",NLM Support Center,"Fix any of the following:
  Target has insufficient size (137.5px by 14px, should be at least 24px by 24px)
  Target has insufficient space to its closest neighbors. Safe clickable space has a diameter of 6px instead of at least 24px."
https://openi.nlm.nih.gov,success,target-size,Touch targets do not have sufficient size or spacing.,Touch targets with sufficient size and spacing help users who may have difficulty targeting small controls to activate the targets. [Learn more about touch targets](https://dequeuniversity.com/rules/axe/4.11/target-size).,0,,div.row > div.col-md-3 > p > a#anch_74,"<a _ngcontent-ng-c2943100758="""" href=""https://www.nlm.nih.gov/accessibility.html"" id=""anch_74"" class=""text-white"">",Accessibility,"Fix any of the following:
  Target has insufficient size (84.5px by 14px, should be at least 24px by 24px)
  Target has insufficient space to its closest neighbors. Safe clickable space has a diameter of 6px instead of at least 24px."
https://openi.nlm.nih.gov,success,target-size,Touch targets do not have sufficient size or spacing.,Touch targets with sufficient size and spacing help users who may have difficulty targeting small controls to activate the targets. [Learn more about touch targets](https://dequeuniversity.com/rules/axe/4.11/target-size).,0,,div.row > div.col-md-3 > p > a#anch_75,"<a _ngcontent-ng-c2943100758="""" href=""https://www.nlm.nih.gov/careers/careers.html"" id=""anch_75"" class=""text-white"">",Careers,"Fix any of the following:
  Target has insufficient size (52.2px by 14px, should be at least 24px by 24px)
  Target has insufficient space to its closest neighbors. Safe clickable space has a diameter of 6px instead of at least 24px."
https://openi.nlm.nih.gov,success,target-size,Touch targets do not have sufficient size or spacing.,Touch targets with sufficient size and spacing help users who may have difficulty targeting small controls to activate the targets. [Learn more about touch targets](https://dequeuniversity.com/rules/axe/4.11/target-size).,0,,div.row > div.col-md-3 > p > a#anch_75,"<a _ngcontent-ng-c2943100758="""" href=""/contactus"" id=""anch_75"" class=""text-white"">",Contact Us,"Fix any of the following:
  Target has insufficient size (73.3px by 14px, should be at least 24px by 24px)
  Target has insufficient space to its closest neighbors. Safe clickable space has a diameter of 6px instead of at least 24px."
https://openi.nlm.nih.gov,success,landmark-one-main,Document does not have a main landmark.,One main landmark helps screen reader users navigate a web page. [Learn more about landmarks](https://dequeuniversity.com/rules/axe/4.11/landmark-one-main).,0,,html,"<html lang=""en"">",html,"Fix all of the following:
  Document does not have a main landmark"
https://nlm.nih.gov,success,,,,,,,,,
https://magazine.medlineplus.gov,success,frame-title,`<frame>` or `<iframe>` elements do not have a title,Screen reader users rely on frame titles to describe the contents of frames. [Learn more about frame titles](https://dequeuniversity.com/rules/axe/4.11/frame-title).,0,,section.usa-grid > div.usa-width-two-thirds > div.video-responsive > iframe,"<iframe width=""560"" height=""315"" src=""https://www.youtube.com/watch?v=QawExnFORVM"" frameborder=""0"" allow=""autoplay; encrypted-media"" allowfullscreen=""0"">",section.usa-grid > div.usa-width-two-thirds > div.video-responsive > iframe,"Fix any of the following:
  Element has no title attribute
  aria-label attribute does not exist or is empty
  aria-labelledby attribute does not exist, references elements that do not exist or references elements that are empty
  Element's default semantics were not overridden with role=""none"" or role=""presentation"""
https://magazine.medlineplus.gov,success,heading-order,Heading elements are not in a sequentially-descending order,"Properly ordered headings that do not skip levels convey the semantic structure of the page, making it easier to navigate and understand when using assistive technologies. [Learn more about heading order](https://dequeuniversity.com/rules/axe/4.11/heading-order).",0,,div.usa-width-one-third > article > a > h4,<h4>,Tesha Samuels advocates for others after living with sickle cell disease,"Fix any of the following:
  Heading order invalid"
https://magazine.medlineplus.gov,success,link-name,Links do not have a discernible name,"Link text (and alternate text for images, when used as links) that is discernible, unique, and focusable improves the navigation experience for screen reader users. [Learn how to make links accessible](https://dequeuniversity.com/rules/axe/4.11/link-name).",0,,div.usa-grid > button#herodeck > p > a,"<a href=""/article/after-pancreatic-cancer-maria-menounos-makes-health-her-focus"">",div.usa-grid > button#herodeck > p > a,"Fix all of the following:
  Element is in tab order and does not have accessible text

Fix any of the following:
  Element does not have text that is visible to screen readers
  aria-label attribute does not exist or is empty
  aria-labelledby attribute does not exist, references elements that do not exist or references elements that are empty
  Element has no title attribute"
https://magazine.medlineplus.gov,success,link-name,Links do not have a discernible name,"Link text (and alternate text for images, when used as links) that is discernible, unique, and focusable improves the navigation experience for screen reader users. [Learn how to make links accessible](https://dequeuniversity.com/rules/axe/4.11/link-name).",0,,figure.nih-caption > figcaption.nih-caption-text > p > a,"<a href=""https://medlineplus.gov/ency/quiz/000246_40.htm?quiz=1"" target=""_blank"">",                                                     ,"Fix all of the following:
  Element is in tab order and does not have accessible text

Fix any of the following:
  Element does not have text that is visible to screen readers
  aria-label attribute does not exist or is empty
  aria-labelledby attribute does not exist, references elements that do not exist or references elements that are empty
  Element has no title attribute"
https://magazine.medlineplus.gov,success,tabindex,Some elements have a `[tabindex]` value greater than 0,"A value greater than 0 implies an explicit navigation ordering. Although technically valid, this often creates frustrating experiences for users who rely on assistive technologies. [Learn more about the `tabindex` attribute](https://dequeuniversity.com/rules/axe/4.11/tabindex).",0,,main > section.hero > div.usa-grid > button#herodeck,"<button class=""usa-hero-callout usa-section-dark hero-text hero-button"" role=""button"" aria-pressed=""false"" tabindex=""1"" id=""herodeck"" data-url=""/article/after-pancreatic-cancer-maria-menounos-makes-health-her-focus"">","Cancer

After pancreatic cancer, Maria Menounos makes health her focus","Fix any of the following:
  Element has a tabindex greater than 0"
https://register.clinicaltrials.gov,success,html-has-lang,`<html>` element does not have a `[lang]` attribute,"If a page doesn't specify a `lang` attribute, a screen reader assumes that the page is in the default language that the user chose when setting up the screen reader. If the page isn't actually in the default language, then the screen reader might not announce the page's text correctly. [Learn more about the `lang` attribute](https://dequeuniversity.com/rules/axe/4.11/html-has-lang).",0,,html,<html>,html,"Fix any of the following:
  The <html> element does not have a lang attribute"
https://register.clinicaltrials.gov,success,label,Form elements do not have associated labels,"Labels ensure that form controls are announced properly by assistive technologies, like screen readers. [Learn more about form element labels](https://dequeuniversity.com/rules/axe/4.11/label).",0,,tbody > tr > td > input,"<input type=""TEXT"" name=""Organization"" value="""" maxlength=""60"" size=""30"">",tbody > tr > td > input,"Fix any of the following:
  Element does not have an implicit (wrapped) <label>
  Element does not have an explicit <label>
  aria-label attribute does not exist or is empty
  aria-labelledby attribute does not exist, references elements that do not exist or references elements that are empty
  Element has no title attribute
  Element has no placeholder attribute
  Element's default semantics were not overridden with role=""none"" or role=""presentation"""
https://register.clinicaltrials.gov,success,label,Form elements do not have associated labels,"Labels ensure that form controls are announced properly by assistive technologies, like screen readers. [Learn more about form element labels](https://dequeuniversity.com/rules/axe/4.11/label).",0,,tbody > tr > td > input,"<input type=""TEXT"" name=""UserName"" value="""" maxlength=""40"" size=""30"">",tbody > tr > td > input,"Fix any of the following:
  Element does not have an implicit (wrapped) <label>
  Element does not have an explicit <label>
  aria-label attribute does not exist or is empty
  aria-labelledby attribute does not exist, references elements that do not exist or references elements that are empty
  Element has no title attribute
  Element has no placeholder attribute
  Element's default semantics were not overridden with role=""none"" or role=""presentation"""
https://register.clinicaltrials.gov,success,label,Form elements do not have associated labels,"Labels ensure that form controls are announced properly by assistive technologies, like screen readers. [Learn more about form element labels](https://dequeuniversity.com/rules/axe/4.11/label).",0,,tbody > tr > td > input,"<input type=""PASSWORD"" name=""Password"" value="""" autocomplete=""off"" maxlength=""128"" size=""30"">",tbody > tr > td > input,"Fix any of the following:
  Element does not have an implicit (wrapped) <label>
  Element does not have an explicit <label>
  aria-label attribute does not exist or is empty
  aria-labelledby attribute does not exist, references elements that do not exist or references elements that are empty
  Element has no title attribute
  Element has no placeholder attribute
  Element's default semantics were not overridden with role=""none"" or role=""presentation"""
https://register.clinicaltrials.gov,success,landmark-one-main,Document does not have a main landmark.,One main landmark helps screen reader users navigate a web page. [Learn more about landmarks](https://dequeuniversity.com/rules/axe/4.11/landmark-one-main).,0,,html,<html>,html,"Fix all of the following:
  Document does not have a main landmark"
https://www.ncbi.nlm.nih.gov,success,color-contrast,Background and foreground colors do not have a sufficient contrast ratio.,Low-contrast text is difficult or impossible for many users to read. [Learn how to provide sufficient color contrast](https://dequeuniversity.com/rules/axe/4.11/color-contrast).,0,,ul.rss_items > li#ui-ncbiexpander-2 > div.expanderWrapper > p.date,"<p class=""date"">",15 Apr 2026,"Fix any of the following:
  Element has insufficient color contrast of 3.54 (foreground color: #888888, background color: #ffffff, font size: 7.8pt (10.4px), font weight: normal). Expected contrast ratio of 4.5:1"
https://www.ncbi.nlm.nih.gov,success,color-contrast,Background and foreground colors do not have a sufficient contrast ratio.,Low-contrast text is difficult or impossible for many users to read. [Learn how to provide sufficient color contrast](https://dequeuniversity.com/rules/axe/4.11/color-contrast).,0,,ul.rss_items > li#ui-ncbiexpander-2 > div.expanderWrapper > p.desc,"<p class=""desc"">",If you use NCBI’s MedGen then you probably know it is your one-stop-shop for ac…,"Fix any of the following:
  Element has insufficient color contrast of 4.47 (foreground color: #777777, background color: #ffffff, font size: 9.8pt (13px), font weight: normal). Expected contrast ratio of 4.5:1"
https://www.ncbi.nlm.nih.gov,success,color-contrast,Background and foreground colors do not have a sufficient contrast ratio.,Low-contrast text is difficult or impossible for many users to read. [Learn how to provide sufficient color contrast](https://dequeuniversity.com/rules/axe/4.11/color-contrast).,0,,ul.rss_items > li#ui-ncbiexpander-3 > div.expanderWrapper > p.date,"<p class=""date"">",09 Apr 2026,"Fix any of the following:
  Element has insufficient color contrast of 3.54 (foreground color: #888888, background color: #ffffff, font size: 7.8pt (10.4px), font weight: normal). Expected contrast ratio of 4.5:1"
https://www.ncbi.nlm.nih.gov,success,color-contrast,Background and foreground colors do not have a sufficient contrast ratio.,Low-contrast text is difficult or impossible for many users to read. [Learn how to provide sufficient color contrast](https://dequeuniversity.com/rules/axe/4.11/color-contrast).,0,,ul.rss_items > li#ui-ncbiexpander-3 > div.expanderWrapper > p.desc,"<p class=""desc"">",Download the updated bacterial and archaeal reference genome collection! We bui…,"Fix any of the following:
  Element has insufficient color contrast of 4.47 (foreground color: #777777, background color: #ffffff, font size: 9.8pt (13px), font weight: normal). Expected contrast ratio of 4.5:1"
https://www.ncbi.nlm.nih.gov,success,color-contrast,Background and foreground colors do not have a sufficient contrast ratio.,Low-contrast text is difficult or impossible for many users to read. [Learn how to provide sufficient color contrast](https://dequeuniversity.com/rules/axe/4.11/color-contrast).,0,,ul.rss_items > li#ui-ncbiexpander-4 > div.expanderWrapper > p.date,"<p class=""date"">",26 Mar 2026,"Fix any of the following:
  Element has insufficient color contrast of 3.54 (foreground color: #888888, background color: #ffffff, font size: 7.8pt (10.4px), font weight: normal). Expected contrast ratio of 4.5:1"
https://www.ncbi.nlm.nih.gov,success,target-size,Touch targets do not have sufficient size or spacing.,Touch targets with sufficient size and spacing help users who may have difficulty targeting small controls to activate the targets. [Learn more about touch targets](https://dequeuniversity.com/rules/axe/4.11/target-size).,0,,div.row > div.col-lg-3 > p > a.text-white,"<a href=""https://www.nlm.nih.gov/accessibility.html"" class=""text-white"">",Accessibility,"Fix any of the following:
  Target has insufficient size (77.3px by 15px, should be at least 24px by 24px)
  Target has insufficient space to its closest neighbors. Safe clickable space has a diameter of 23.8px instead of at least 24px."
https://www.ncbi.nlm.nih.gov,success,target-size,Touch targets do not have sufficient size or spacing.,Touch targets with sufficient size and spacing help users who may have difficulty targeting small controls to activate the targets. [Learn more about touch targets](https://dequeuniversity.com/rules/axe/4.11/target-size).,0,,div.row > div.col-lg-3 > p > a.text-white,"<a href=""https://www.nlm.nih.gov/careers/careers.html"" class=""text-white"">",Careers,"Fix any of the following:
  Target has insufficient size (49.8px by 15px, should be at least 24px by 24px)
  Target has insufficient space to its closest neighbors. Safe clickable space has a diameter of 23.8px instead of at least 24px."
https://www.ncbi.nlm.nih.gov,success,landmark-one-main,Document does not have a main landmark.,One main landmark helps screen reader users navigate a web page. [Learn more about landmarks](https://dequeuniversity.com/rules/axe/4.11/landmark-one-main).,0,,html,"<html lang=""en"">",html,"Fix all of the following:
  Document does not have a main landmark"
https://support.nlm.nih.gov,success,button-name,Buttons do not have an accessible name,"When a button doesn't have an accessible name, screen readers announce it as ""button"", making it unusable for users who rely on screen readers. [Learn how to make buttons more accessible](https://dequeuniversity.com/rules/axe/4.11/button-name).",0,,div.row > div.search-bar-container > div.search-bar > button#clearSearchButton,"<button type=""button"" class=""clear-btn"" id=""clearSearchButton"">",div.row > div.search-bar-container > div.search-bar > button#clearSearchButton,"Fix any of the following:
  Element does not have inner text that is visible to screen readers
  aria-label attribute does not exist or is empty
  aria-labelledby attribute does not exist, references elements that do not exist or references elements that are empty
  Element has no title attribute
  Element does not have an implicit (wrapped) <label>
  Element does not have an explicit <label>
  Element's default semantics were not overridden with role=""none"" or role=""presentation"""
https://support.nlm.nih.gov,success,color-contrast,Background and foreground colors do not have a sufficient contrast ratio.,Low-contrast text is difficult or impossible for many users to read. [Learn how to provide sufficient color contrast](https://dequeuniversity.com/rules/axe/4.11/color-contrast).,0,,div.list-group > div.list-group-item > a.title > div.pull-right,"<div class=""pull-right text-muted small"" style=""margin-left: 5px;"">","Apr 10, 2026","Fix any of the following:
  Element has insufficient color contrast of 4.47 (foreground color: #777777, background color: #ffffff, font size: 10.3pt (13.76px), font weight: normal). Expected contrast ratio of 4.5:1"
https://support.nlm.nih.gov,success,color-contrast,Background and foreground colors do not have a sufficient contrast ratio.,Low-contrast text is difficult or impossible for many users to read. [Learn how to provide sufficient color contrast](https://dequeuniversity.com/rules/axe/4.11/color-contrast).,0,,div.list-group > div.list-group-item > a.title > div.pull-right,"<div class=""pull-right text-muted small"" style=""margin-left: 5px;"">","Apr 9, 2026","Fix any of the following:
  Element has insufficient color contrast of 4.47 (foreground color: #777777, background color: #ffffff, font size: 10.3pt (13.76px), font weight: normal). Expected contrast ratio of 4.5:1"
https://support.nlm.nih.gov,success,color-contrast,Background and foreground colors do not have a sufficient contrast ratio.,Low-contrast text is difficult or impossible for many users to read. [Learn how to provide sufficient color contrast](https://dequeuniversity.com/rules/axe/4.11/color-contrast).,0,,div.list-group > div.list-group-item > a.title > div.pull-right,"<div class=""pull-right text-muted small"" style=""margin-left: 5px;"">","Apr 9, 2026","Fix any of the following:
  Element has insufficient color contrast of 4.47 (foreground color: #777777, background color: #ffffff, font size: 10.3pt (13.76px), font weight: normal). Expected contrast ratio of 4.5:1"
https://support.nlm.nih.gov,success,color-contrast,Background and foreground colors do not have a sufficient contrast ratio.,Low-contrast text is difficult or impossible for many users to read. [Learn how to provide sufficient color contrast](https://dequeuniversity.com/rules/axe/4.11/color-contrast).,0,,div.list-group > div.list-group-item > a.title > div.pull-right,"<div class=""pull-right text-muted small"" style=""margin-left: 5px;"">","Apr 6, 2026","Fix any of the following:
  Element has insufficient color contrast of 4.47 (foreground color: #777777, background color: #ffffff, font size: 10.3pt (13.76px), font weight: normal). Expected contrast ratio of 4.5:1"
https://support.nlm.nih.gov,success,color-contrast,Background and foreground colors do not have a sufficient contrast ratio.,Low-contrast text is difficult or impossible for many users to read. [Learn how to provide sufficient color contrast](https://dequeuniversity.com/rules/axe/4.11/color-contrast).,0,,div.list-group > div.list-group-item > a.title > div.pull-right,"<div class=""pull-right text-muted small"" style=""margin-left: 5px;"">","Apr 3, 2026","Fix any of the following:
  Element has insufficient color contrast of 4.47 (foreground color: #777777, background color: #ffffff, font size: 10.3pt (13.76px), font weight: normal). Expected contrast ratio of 4.5:1"
https://support.nlm.nih.gov,success,color-contrast,Background and foreground colors do not have a sufficient contrast ratio.,Low-contrast text is difficult or impossible for many users to read. [Learn how to provide sufficient color contrast](https://dequeuniversity.com/rules/axe/4.11/color-contrast).,0,,div.list-group > div.list-group-item > a.title > div.pull-right,"<div class=""pull-right text-muted small"" style=""margin-left: 5px;"">","Apr 10, 2026","Fix any of the following:
  Element has insufficient color contrast of 4.47 (foreground color: #777777, background color: #ffffff, font size: 10.3pt (13.76px), font weight: normal). Expected contrast ratio of 4.5:1"
https://support.nlm.nih.gov,success,color-contrast,Background and foreground colors do not have a sufficient contrast ratio.,Low-contrast text is difficult or impossible for many users to read. [Learn how to provide sufficient color contrast](https://dequeuniversity.com/rules/axe/4.11/color-contrast).,0,,div.list-group > div.list-group-item > a.title > div.pull-right,"<div class=""pull-right text-muted small"" style=""margin-left: 5px;"">","Dec 4, 2024","Fix any of the following:
  Element has insufficient color contrast of 4.47 (foreground color: #777777, background color: #ffffff, font size: 10.3pt (13.76px), font weight: normal). Expected contrast ratio of 4.5:1"
https://support.nlm.nih.gov,success,color-contrast,Background and foreground colors do not have a sufficient contrast ratio.,Low-contrast text is difficult or impossible for many users to read. [Learn how to provide sufficient color contrast](https://dequeuniversity.com/rules/axe/4.11/color-contrast).,0,,div.list-group > div.list-group-item > a.title > div.pull-right,"<div class=""pull-right text-muted small"" style=""margin-left: 5px;"">","Dec 10, 2025","Fix any of the following:
  Element has insufficient color contrast of 4.47 (foreground color: #777777, background color: #ffffff, font size: 10.3pt (13.76px), font weight: normal). Expected contrast ratio of 4.5:1"
https://support.nlm.nih.gov,success,color-contrast,Background and foreground colors do not have a sufficient contrast ratio.,Low-contrast text is difficult or impossible for many users to read. [Learn how to provide sufficient color contrast](https://dequeuniversity.com/rules/axe/4.11/color-contrast).,0,,div.list-group > div.list-group-item > a.title > div.pull-right,"<div class=""pull-right text-muted small"" style=""margin-left: 5px;"">","Nov 12, 2019","Fix any of the following:
  Element has insufficient color contrast of 4.47 (foreground color: #777777, background color: #ffffff, font size: 10.3pt (13.76px), font weight: normal). Expected contrast ratio of 4.5:1"
https://support.nlm.nih.gov,success,color-contrast,Background and foreground colors do not have a sufficient contrast ratio.,Low-contrast text is difficult or impossible for many users to read. [Learn how to provide sufficient color contrast](https://dequeuniversity.com/rules/axe/4.11/color-contrast).,0,,div.list-group > div.list-group-item > a.title > div.pull-right,"<div class=""pull-right text-muted small"" style=""margin-left: 5px;"">","Mar 21, 2018","Fix any of the following:
  Element has insufficient color contrast of 4.47 (foreground color: #777777, background color: #ffffff, font size: 10.3pt (13.76px), font weight: normal). Expected contrast ratio of 4.5:1"
https://support.nlm.nih.gov,success,heading-order,Heading elements are not in a sequentially-descending order,"Properly ordered headings that do not skip levels convey the semantic structure of the page, making it easier to navigate and understand when using assistive technologies. [Learn more about heading order](https://dequeuniversity.com/rules/axe/4.11/heading-order).",0,,body > div.container > div.page-heading > h3,<h3>,Browse Help Topics,"Fix any of the following:
  Heading order invalid"
https://support.nlm.nih.gov,success,landmark-one-main,Document does not have a main landmark.,One main landmark helps screen reader users navigate a web page. [Learn more about landmarks](https://dequeuniversity.com/rules/axe/4.11/landmark-one-main).,0,,html,"<html lang=""en-US"" data-lang=""en-US"" crm-lang=""en-US"" dir=""ltr"" crm-lcid=""1033"" same-site-mode=""None"">",html,"Fix all of the following:
  Document does not have a main landmark"
https://id.nlm.nih.gov,success,color-contrast,Background and foreground colors do not have a sufficient contrast ratio.,Low-contrast text is difficult or impossible for many users to read. [Learn how to provide sufficient color contrast](https://dequeuniversity.com/rules/axe/4.11/color-contrast).,0,,ul#meshTab > li.dropdown > a.dropdown-toggle > strong,<strong>,Products and Services,"Fix any of the following:
  Element has insufficient color contrast of 4.34 (foreground color: #ffffff, background color: #5e7ba3, font size: 10.5pt (14px), font weight: bold). Expected contrast ratio of 4.5:1"
https://id.nlm.nih.gov,success,color-contrast,Background and foreground colors do not have a sufficient contrast ratio.,Low-contrast text is difficult or impossible for many users to read. [Learn how to provide sufficient color contrast](https://dequeuniversity.com/rules/axe/4.11/color-contrast).,0,,ul#meshTab > li.dropdown > a.dropdown-toggle > strong,<strong>,Resources for You,"Fix any of the following:
  Element has insufficient color contrast of 4.34 (foreground color: #ffffff, background color: #5e7ba3, font size: 10.5pt (14px), font weight: bold). Expected contrast ratio of 4.5:1"
https://id.nlm.nih.gov,success,color-contrast,Background and foreground colors do not have a sufficient contrast ratio.,Low-contrast text is difficult or impossible for many users to read. [Learn how to provide sufficient color contrast](https://dequeuniversity.com/rules/axe/4.11/color-contrast).,0,,ul#meshTab > li.dropdown > a.dropdown-toggle > strong,<strong>,Explore NLM,"Fix any of the following:
  Element has insufficient color contrast of 4.34 (foreground color: #ffffff, background color: #5e7ba3, font size: 10.5pt (14px), font weight: bold). Expected contrast ratio of 4.5:1"
https://id.nlm.nih.gov,success,color-contrast,Background and foreground colors do not have a sufficient contrast ratio.,Low-contrast text is difficult or impossible for many users to read. [Learn how to provide sufficient color contrast](https://dequeuniversity.com/rules/axe/4.11/color-contrast).,0,,ul#meshTab > li.dropdown > a.dropdown-toggle > strong,<strong>,Grants and Funding,"Fix any of the following:
  Element has insufficient color contrast of 4.34 (foreground color: #ffffff, background color: #5e7ba3, font size: 10.5pt (14px), font weight: bold). Expected contrast ratio of 4.5:1"
https://id.nlm.nih.gov,success,heading-order,Heading elements are not in a sequentially-descending order,"Properly ordered headings that do not skip levels convey the semantic structure of the page, making it easier to navigate and understand when using assistive technologies. [Learn more about heading order](https://dequeuniversity.com/rules/axe/4.11/heading-order).",0,,div#home > div.row > div.col-md-6 > h3.meshrdf-resources-header,"<h3 class=""meshrdf-resources-header"">",MeSH RDF Resources,"Fix any of the following:
  Heading order invalid"
https://id.nlm.nih.gov,success,link-in-text-block,Links rely on color to be distinguishable.,Low-contrast text is difficult or impossible for many users to read. Link text that is discernible improves the experience for users with low vision. [Learn how to make links distinguishable](https://dequeuniversity.com/rules/axe/4.11/link-in-text-block).,0,,div.row > div#main > p > a,"<a href=""https://www.nlm.nih.gov/mesh/"">",MeSH,"Fix any of the following:
  The link has insufficient color contrast of 2.77:1 with the surrounding text. (Minimum contrast is 3:1, link text: #337ab7, surrounding text: #333333)
  The link has no styling (such as underline) to distinguish it from the surrounding text"
https://id.nlm.nih.gov,success,link-in-text-block,Links rely on color to be distinguishable.,Low-contrast text is difficult or impossible for many users to read. Link text that is discernible improves the experience for users with low vision. [Learn how to make links distinguishable](https://dequeuniversity.com/rules/axe/4.11/link-in-text-block).,0,,div.row > div#main > p > a,"<a href=""https://nlmpubs.nlm.nih.gov/projects/mesh/rdf/mesh.nt.gz"">",RDF N-Triples format,"Fix any of the following:
  The link has insufficient color contrast of 2.77:1 with the surrounding text. (Minimum contrast is 3:1, link text: #337ab7, surrounding text: #333333)
  The link has no styling (such as underline) to distinguish it from the surrounding text"
https://id.nlm.nih.gov,success,link-in-text-block,Links rely on color to be distinguishable.,Low-contrast text is difficult or impossible for many users to read. Link text that is discernible improves the experience for users with low vision. [Learn how to make links distinguishable](https://dequeuniversity.com/rules/axe/4.11/link-in-text-block).,0,,div.row > div#main > p > a,"<a href=""/mesh/query"">",SPARQL query editor,"Fix any of the following:
  The link has insufficient color contrast of 2.77:1 with the surrounding text. (Minimum contrast is 3:1, link text: #337ab7, surrounding text: #333333)
  The link has no styling (such as underline) to distinguish it from the surrounding text"
https://id.nlm.nih.gov,success,link-in-text-block,Links rely on color to be distinguishable.,Low-contrast text is difficult or impossible for many users to read. Link text that is discernible improves the experience for users with low vision. [Learn how to make links distinguishable](https://dequeuniversity.com/rules/axe/4.11/link-in-text-block).,0,,div.row > div#main > p > a,"<a href=""http://hhs.github.io/meshrdf/sparql-and-uri-requests"">",SPARQL endpoint (API),"Fix any of the following:
  The link has insufficient color contrast of 2.77:1 with the surrounding text. (Minimum contrast is 3:1, link text: #337ab7, surrounding text: #333333)
  The link has no styling (such as underline) to distinguish it from the surrounding text"
https://id.nlm.nih.gov,success,link-in-text-block,Links rely on color to be distinguishable.,Low-contrast text is difficult or impossible for many users to read. Link text that is discernible improves the experience for users with low vision. [Learn how to make links distinguishable](https://dequeuniversity.com/rules/axe/4.11/link-in-text-block).,0,,div#main > ul > li > a,"<a href=""https://id.nlm.nih.gov/mesh/D015242.json"">",https://id.nlm.nih.gov/mesh/D015242.json,"Fix any of the following:
  The link has insufficient color contrast of 2.77:1 with the surrounding text. (Minimum contrast is 3:1, link text: #337ab7, surrounding text: #333333)
  The link has no styling (such as underline) to distinguish it from the surrounding text"
https://id.nlm.nih.gov,success,link-in-text-block,Links rely on color to be distinguishable.,Low-contrast text is difficult or impossible for many users to read. Link text that is discernible improves the experience for users with low vision. [Learn how to make links distinguishable](https://dequeuniversity.com/rules/axe/4.11/link-in-text-block).,0,,div#main > ul > li > a,"<a href=""/mesh/query?query=PREFIX+rdf%3A+%3Chttp%3A%2F%2Fwww.w3.org%2F1999%2F02%2F2…"">",Get all descriptor labels and identifiers,"Fix any of the following:
  The link has insufficient color contrast of 2.77:1 with the surrounding text. (Minimum contrast is 3:1, link text: #337ab7, surrounding text: #333333)
  The link has no styling (such as underline) to distinguish it from the surrounding text"
https://id.nlm.nih.gov,success,link-in-text-block,Links rely on color to be distinguishable.,Low-contrast text is difficult or impossible for many users to read. Link text that is discernible improves the experience for users with low vision. [Learn how to make links distinguishable](https://dequeuniversity.com/rules/axe/4.11/link-in-text-block).,0,,div#main > ul > li > a,"<a href=""/mesh/lookup?form=descriptor&amp;label=Infection%20Control"">",Find all the allowable qualifiers for Infection Control,"Fix any of the following:
  The link has insufficient color contrast of 2.77:1 with the surrounding text. (Minimum contrast is 3:1, link text: #337ab7, surrounding text: #333333)
  The link has no styling (such as underline) to distinguish it from the surrounding text"
https://id.nlm.nih.gov,success,link-in-text-block,Links rely on color to be distinguishable.,Low-contrast text is difficult or impossible for many users to read. Link text that is discernible improves the experience for users with low vision. [Learn how to make links distinguishable](https://dequeuniversity.com/rules/axe/4.11/link-in-text-block).,0,,div#main > ul > li > a,"<a href=""/mesh/query?query=PREFIX+rdf%3A+%3Chttp%3A%2F%2Fwww.w3.org%2F1999%2F02%2F2…"">",Get definitions for Bicuspid,"Fix any of the following:
  The link has insufficient color contrast of 2.77:1 with the surrounding text. (Minimum contrast is 3:1, link text: #337ab7, surrounding text: #333333)
  The link has no styling (such as underline) to distinguish it from the surrounding text"
https://id.nlm.nih.gov,success,link-in-text-block,Links rely on color to be distinguishable.,Low-contrast text is difficult or impossible for many users to read. Link text that is discernible improves the experience for users with low vision. [Learn how to make links distinguishable](https://dequeuniversity.com/rules/axe/4.11/link-in-text-block).,0,,div#main > ul > li > a,"<a href=""/mesh/query?query=PREFIX+rdf%3A+%3Chttp%3A%2F%2Fwww.w3.org%2F1999%2F02%2F2…"">",Get all MeSH Descriptors that fall under Neoplasms,"Fix any of the following:
  The link has insufficient color contrast of 2.77:1 with the surrounding text. (Minimum contrast is 3:1, link text: #337ab7, surrounding text: #333333)
  The link has no styling (such as underline) to distinguish it from the surrounding text"
https://id.nlm.nih.gov,success,link-in-text-block,Links rely on color to be distinguishable.,Low-contrast text is difficult or impossible for many users to read. Link text that is discernible improves the experience for users with low vision. [Learn how to make links distinguishable](https://dequeuniversity.com/rules/axe/4.11/link-in-text-block).,0,,div.row > div#main > p > a,"<a href=""https://github.com/HHS/meshrdf/issues"">",GitHub,"Fix any of the following:
  The link has insufficient color contrast of 2.77:1 with the surrounding text. (Minimum contrast is 3:1, link text: #337ab7, surrounding text: #333333)
  The link has no styling (such as underline) to distinguish it from the surrounding text"
https://id.nlm.nih.gov,success,link-in-text-block,Links rely on color to be distinguishable.,Low-contrast text is difficult or impossible for many users to read. Link text that is discernible improves the experience for users with low vision. [Learn how to make links distinguishable](https://dequeuniversity.com/rules/axe/4.11/link-in-text-block).,0,,div.row > div.col-md-6 > p > a,"<a href=""https://hhs.github.io/meshrdf/sample-queries"">",sample queries,"Fix any of the following:
  The link has insufficient color contrast of 2.77:1 with the surrounding text. (Minimum contrast is 3:1, link text: #337ab7, surrounding text: #333333)
  The link has no styling (such as underline) to distinguish it from the surrounding text"
https://id.nlm.nih.gov,success,link-in-text-block,Links rely on color to be distinguishable.,Low-contrast text is difficult or impossible for many users to read. Link text that is discernible improves the experience for users with low vision. [Learn how to make links distinguishable](https://dequeuniversity.com/rules/axe/4.11/link-in-text-block).,0,,div.row > div.col-md-6 > p > a,"<a href=""https://hhs.github.io/meshrdf/sample-queries"">",sample queries,"Fix any of the following:
  The link has insufficient color contrast of 2.77:1 with the surrounding text. (Minimum contrast is 3:1, link text: #337ab7, surrounding text: #333333)
  The link has no styling (such as underline) to distinguish it from the surrounding text"
https://id.nlm.nih.gov,success,link-in-text-block,Links rely on color to be distinguishable.,Low-contrast text is difficult or impossible for many users to read. Link text that is discernible improves the experience for users with low vision. [Learn how to make links distinguishable](https://dequeuniversity.com/rules/axe/4.11/link-in-text-block).,0,,div.row > div.col-md-6 > p > a,"<a href=""https://github.com/HHS/meshrdf/issues"">",GitHub,"Fix any of the following:
  The link has insufficient color contrast of 2.77:1 with the surrounding text. (Minimum contrast is 3:1, link text: #337ab7, surrounding text: #333333)
  The link has no styling (such as underline) to distinguish it from the surrounding text"
https://id.nlm.nih.gov,success,link-in-text-block,Links rely on color to be distinguishable.,Low-contrast text is difficult or impossible for many users to read. Link text that is discernible improves the experience for users with low vision. [Learn how to make links distinguishable](https://dequeuniversity.com/rules/axe/4.11/link-in-text-block).,0,,div.row > div.col-md-6 > p > a,"<a href=""https://support.nlm.nih.gov/?category=MeSH&amp;from=https://id.nlm.nih.gov/mes…"">",NLM Customer Support,"Fix any of the following:
  The link has insufficient color contrast of 2.77:1 with the surrounding text. (Minimum contrast is 3:1, link text: #337ab7, surrounding text: #333333)
  The link has no styling (such as underline) to distinguish it from the surrounding text"
https://id.nlm.nih.gov,success,list,Lists do not contain only `<li>` elements and script supporting elements (`<script>` and `<template>`).,Screen readers have a specific way of announcing lists. Ensuring proper list structure aids screen reader output. [Learn more about proper list structure](https://dequeuniversity.com/rules/axe/4.11/list).,0,,div.menu-and-title > div.row > div.col-md-12 > ul.nav,"<ul class=""nav nav-pills pull-left"">","Home
SPARQL Query Editor
Lookup
Documentation
Sample Queries
Download
API
MeSH …","Fix all of the following:
  List element has direct children that are not allowed: [role=presentation]"
https://id.nlm.nih.gov,success,listitem,"List items (`<li>`) are not contained within `<ul>`, `<ol>` or `<menu>` parent elements.","Screen readers require list items (`<li>`) to be contained within a parent `<ul>`, `<ol>` or `<menu>` to be announced properly. [Learn more about proper list structure](https://dequeuniversity.com/rules/axe/4.11/listitem).",0,,div.container-fluid > div > ul#meshTab > li.dropdown,"<li class=""dropdown"">",Products and Services ,"Fix any of the following:
  List item parent element has a role that is not role=""list"""
https://id.nlm.nih.gov,success,listitem,"List items (`<li>`) are not contained within `<ul>`, `<ol>` or `<menu>` parent elements.","Screen readers require list items (`<li>`) to be contained within a parent `<ul>`, `<ol>` or `<menu>` to be announced properly. [Learn more about proper list structure](https://dequeuniversity.com/rules/axe/4.11/listitem).",0,,div.container-fluid > div > ul#meshTab > li.dropdown,"<li class=""dropdown"">",Resources for You ,"Fix any of the following:
  List item parent element has a role that is not role=""list"""
https://id.nlm.nih.gov,success,listitem,"List items (`<li>`) are not contained within `<ul>`, `<ol>` or `<menu>` parent elements.","Screen readers require list items (`<li>`) to be contained within a parent `<ul>`, `<ol>` or `<menu>` to be announced properly. [Learn more about proper list structure](https://dequeuniversity.com/rules/axe/4.11/listitem).",0,,div.container-fluid > div > ul#meshTab > li.dropdown,"<li class=""dropdown"">",Explore NLM ,"Fix any of the following:
  List item parent element has a role that is not role=""list"""
https://id.nlm.nih.gov,success,listitem,"List items (`<li>`) are not contained within `<ul>`, `<ol>` or `<menu>` parent elements.","Screen readers require list items (`<li>`) to be contained within a parent `<ul>`, `<ol>` or `<menu>` to be announced properly. [Learn more about proper list structure](https://dequeuniversity.com/rules/axe/4.11/listitem).",0,,div.container-fluid > div > ul#meshTab > li.dropdown,"<li class=""dropdown"">",Grants and Funding ,"Fix any of the following:
  List item parent element has a role that is not role=""list"""
https://id.nlm.nih.gov,success,landmark-one-main,Document does not have a main landmark.,One main landmark helps screen reader users navigate a web page. [Learn more about landmarks](https://dequeuniversity.com/rules/axe/4.11/landmark-one-main).,0,,html,"<html lang=""en"">",html,"Fix all of the following:
  Document does not have a main landmark"
https://submit.ncbi.nlm.nih.gov,success,,,,,,,,,
https://meshb.nlm.nih.gov,success,aria-allowed-attr,`[aria-*]` attributes do not match their roles,Each ARIA `role` supports a specific subset of `aria-*` attributes. Mismatching these invalidates the `aria-*` attributes. [Learn how to match ARIA attributes to their roles](https://dequeuniversity.com/rules/axe/4.11/aria-allowed-attr).,0,,div > nav.navbar > div.container-fluid > div#bs-example-navbar-collapse-1,"<div id=""bs-example-navbar-collapse-1"" class=""collapse navbar-collapse"" aria-expanded=""false"">","Search
Tree View
MeSH on Demand
MeSH 2025
About
Suggestions
Contact Us","Fix all of the following:
  ARIA attribute is not allowed: aria-expanded=""false"""
https://meshb.nlm.nih.gov,success,color-contrast,Background and foreground colors do not have a sufficient contrast ratio.,Low-contrast text is difficult or impossible for many users to read. [Learn how to provide sufficient color contrast](https://dequeuniversity.com/rules/axe/4.11/color-contrast).,0,,div#bs-example-navbar-collapse-1 > ul.nav > li > a#mainSearchButton,"<a href=""/"" id=""mainSearchButton"">",Search,"Fix any of the following:
  Element has insufficient color contrast of 4.21 (foreground color: #777777, background color: #f8f8f8, font size: 10.5pt (14px), font weight: normal). Expected contrast ratio of 4.5:1"
https://meshb.nlm.nih.gov,success,color-contrast,Background and foreground colors do not have a sufficient contrast ratio.,Low-contrast text is difficult or impossible for many users to read. [Learn how to provide sufficient color contrast](https://dequeuniversity.com/rules/axe/4.11/color-contrast).,0,,div#bs-example-navbar-collapse-1 > ul.nav > li > a,"<a href=""/treeView"">",Tree View,"Fix any of the following:
  Element has insufficient color contrast of 4.21 (foreground color: #777777, background color: #f8f8f8, font size: 10.5pt (14px), font weight: normal). Expected contrast ratio of 4.5:1"
https://meshb.nlm.nih.gov,success,color-contrast,Background and foreground colors do not have a sufficient contrast ratio.,Low-contrast text is difficult or impossible for many users to read. [Learn how to provide sufficient color contrast](https://dequeuniversity.com/rules/axe/4.11/color-contrast).,0,,div#bs-example-navbar-collapse-1 > ul.nav > li > a,"<a href=""/MeSHonDemand"">",MeSH on Demand,"Fix any of the following:
  Element has insufficient color contrast of 4.21 (foreground color: #777777, background color: #f8f8f8, font size: 10.5pt (14px), font weight: normal). Expected contrast ratio of 4.5:1"
https://meshb.nlm.nih.gov,success,color-contrast,Background and foreground colors do not have a sufficient contrast ratio.,Low-contrast text is difficult or impossible for many users to read. [Learn how to provide sufficient color contrast](https://dequeuniversity.com/rules/axe/4.11/color-contrast).,0,,div#bs-example-navbar-collapse-1 > ul.nav > li > a,"<a href=""https://meshb-prev.nlm.nih.gov/"" target=""_blank"">",MeSH 2025,"Fix any of the following:
  Element has insufficient color contrast of 4.21 (foreground color: #777777, background color: #f8f8f8, font size: 10.5pt (14px), font weight: normal). Expected contrast ratio of 4.5:1"
https://meshb.nlm.nih.gov,success,color-contrast,Background and foreground colors do not have a sufficient contrast ratio.,Low-contrast text is difficult or impossible for many users to read. [Learn how to provide sufficient color contrast](https://dequeuniversity.com/rules/axe/4.11/color-contrast).,0,,div#bs-example-navbar-collapse-1 > ul.nav > li > a,"<a href=""https://www.nlm.nih.gov/mesh/mbinfo.html"" target=""_blank"">",About,"Fix any of the following:
  Element has insufficient color contrast of 4.21 (foreground color: #777777, background color: #f8f8f8, font size: 10.5pt (14px), font weight: normal). Expected contrast ratio of 4.5:1"
https://meshb.nlm.nih.gov,success,color-contrast,Background and foreground colors do not have a sufficient contrast ratio.,Low-contrast text is difficult or impossible for many users to read. [Learn how to provide sufficient color contrast](https://dequeuniversity.com/rules/axe/4.11/color-contrast).,0,,div#bs-example-navbar-collapse-1 > ul.nav > li > a,"<a href=""https://www.nlm.nih.gov/mesh/meshsugg.html"" target=""_blank"">",Suggestions,"Fix any of the following:
  Element has insufficient color contrast of 4.21 (foreground color: #777777, background color: #f8f8f8, font size: 10.5pt (14px), font weight: normal). Expected contrast ratio of 4.5:1"
https://meshb.nlm.nih.gov,success,color-contrast,Background and foreground colors do not have a sufficient contrast ratio.,Low-contrast text is difficult or impossible for many users to read. [Learn how to provide sufficient color contrast](https://dequeuniversity.com/rules/axe/4.11/color-contrast).,0,,div#bs-example-navbar-collapse-1 > ul.nav > li > a,"<a href=""https://support.nlm.nih.gov/support/create-case/"" target=""_blank"">",Contact Us,"Fix any of the following:
  Element has insufficient color contrast of 4.21 (foreground color: #777777, background color: #f8f8f8, font size: 10.5pt (14px), font weight: normal). Expected contrast ratio of 4.5:1"
https://meshb.nlm.nih.gov,success,landmark-one-main,Document does not have a main landmark.,One main landmark helps screen reader users navigate a web page. [Learn more about landmarks](https://dequeuniversity.com/rules/axe/4.11/landmark-one-main).,0,,html,"<html lang=""en"">",html,"Fix all of the following:
  Document does not have a main landmark"
https://trace.ncbi.nlm.nih.gov,success,color-contrast,Background and foreground colors do not have a sufficient contrast ratio.,Low-contrast text is difficult or impossible for many users to read. [Learn how to provide sufficient color contrast](https://dequeuniversity.com/rules/axe/4.11/color-contrast).,0,,body > div > a#vdp,"<a id=""vdp"" href=""https://www.hhs.gov/vulnerability-disclosure-policy/index.html"">",HHS Vulnerability Disclosure,"Fix any of the following:
  Element has insufficient color contrast of 3.98 (foreground color: #4183c4, background color: #ffffff, font size: 10.5pt (14px), font weight: normal). Expected contrast ratio of 4.5:1"
https://trace.ncbi.nlm.nih.gov,success,landmark-one-main,Document does not have a main landmark.,One main landmark helps screen reader users navigate a web page. [Learn more about landmarks](https://dequeuniversity.com/rules/axe/4.11/landmark-one-main).,0,,html,"<html lang=""en"">",html,"Fix all of the following:
  Document does not have a main landmark"
https://docline.gov,success,link-in-text-block,Links rely on color to be distinguishable.,Low-contrast text is difficult or impossible for many users to read. Link text that is discernible improves the experience for users with low vision. [Learn how to make links distinguishable](https://dequeuniversity.com/rules/axe/4.11/link-in-text-block).,0,,div.card-body > div > p > a,"<a href=""https://www.nlm.nih.gov/"" target=""_blank"" rel=""noopener noreferrer"">",National Library of Medicine's,"Fix any of the following:
  The link has insufficient color contrast of 2.43:1 with the surrounding text. (Minimum contrast is 3:1, link text: #0063a4, surrounding text: #212529)
  The link has no styling (such as underline) to distinguish it from the surrounding text"
https://docline.gov,success,link-in-text-block,Links rely on color to be distinguishable.,Low-contrast text is difficult or impossible for many users to read. Link text that is discernible improves the experience for users with low vision. [Learn how to make links distinguishable](https://dequeuniversity.com/rules/axe/4.11/link-in-text-block).,0,,div.card-body > div > p > a,"<a href=""https://nnlm.gov"" target=""_blank"" rel=""noopener noreferrer"">",Network of the National Library of Medicine (NNLM),"Fix any of the following:
  The link has insufficient color contrast of 2.43:1 with the surrounding text. (Minimum contrast is 3:1, link text: #0063a4, surrounding text: #212529)
  The link has no styling (such as underline) to distinguish it from the surrounding text"
https://lhncbc.nlm.nih.gov,success,color-contrast,Background and foreground colors do not have a sufficient contrast ratio.,Low-contrast text is difficult or impossible for many users to read. [Learn how to provide sufficient color contrast](https://dequeuniversity.com/rules/axe/4.11/color-contrast).,0,,div.usa-container--full-width > div.usa-grid-container > div.dataset-title > h2,<h2>,LHNCBC Project Spotlight,"Fix any of the following:
  Element has insufficient color contrast of 3.59 (foreground color: #5a75aa, background color: #dce4ef, font size: 17.2pt (22.884px), font weight: normal). Expected contrast ratio of 4.5:1"
https://lhncbc.nlm.nih.gov,success,heading-order,Heading elements are not in a sequentially-descending order,"Properly ordered headings that do not skip levels convey the semantic structure of the page, making it easier to navigate and understand when using assistive technologies. [Learn more about heading order](https://dequeuniversity.com/rules/axe/4.11/heading-order).",0,,div.usa-grid-container > div.grid-row > div.desktop:grid-col-5 > h5.banner-motto,"<h5 class=""banner-motto"">","""We Must Develop a Communications System so that the Miraculous Triumphs of Mod…","Fix any of the following:
  Heading order invalid"
https://lhncbc.nlm.nih.gov,success,heading-order,Heading elements are not in a sequentially-descending order,"Properly ordered headings that do not skip levels convey the semantic structure of the page, making it easier to navigate and understand when using assistive technologies. [Learn more about heading order](https://dequeuniversity.com/rules/axe/4.11/heading-order).",0,,div.grid-row > div.body-title > a > h4,<h4>,Health Information Standards and Discovery,"Fix any of the following:
  Heading order invalid"
https://lhncbc.nlm.nih.gov,success,heading-order,Heading elements are not in a sequentially-descending order,"Properly ordered headings that do not skip levels convey the semantic structure of the page, making it easier to navigate and understand when using assistive technologies. [Learn more about heading order](https://dequeuniversity.com/rules/axe/4.11/heading-order).",0,,div.grid-row > div.informatics-info > a > h4,<h4>,NLM's Lister Hill Center,"Fix any of the following:
  Heading order invalid"
https://lhncbc.nlm.nih.gov,success,heading-order,Heading elements are not in a sequentially-descending order,"Properly ordered headings that do not skip levels convey the semantic structure of the page, making it easier to navigate and understand when using assistive technologies. [Learn more about heading order](https://dequeuniversity.com/rules/axe/4.11/heading-order).",0,,div.usa-grid-container > div.downloads > div.download-icons > h4,<h4>,RxNav,"Fix any of the following:
  Heading order invalid"
https://lhncbc.nlm.nih.gov,success,heading-order,Heading elements are not in a sequentially-descending order,"Properly ordered headings that do not skip levels convey the semantic structure of the page, making it easier to navigate and understand when using assistive technologies. [Learn more about heading order](https://dequeuniversity.com/rules/axe/4.11/heading-order).",0,,a > div.card > div.card-body-home > h5.margin-y-0,"<h5 class=""margin-y-0"">",CCOI,"Fix any of the following:
  Heading order invalid"
https://lhncbc.nlm.nih.gov,success,target-size,Touch targets do not have sufficient size or spacing.,Touch targets with sufficient size and spacing help users who may have difficulty targeting small controls to activate the targets. [Learn more about touch targets](https://dequeuniversity.com/rules/axe/4.11/target-size).,0,,div.header-logo > div.display-flex > div.display-flex > a,"<a href=""https://www.nlm.nih.gov"">",portion of logo that reads National Library of Medicine,"Fix any of the following:
  Target has insufficient size (264.5px by 23.1px, should be at least 24px by 24px)
  Target has insufficient space to its closest neighbors. Safe clickable space has a diameter of 15.2px instead of at least 24px."
https://lhncbc.nlm.nih.gov,success,target-size,Touch targets do not have sufficient size or spacing.,Touch targets with sufficient size and spacing help users who may have difficulty targeting small controls to activate the targets. [Learn more about touch targets](https://dequeuniversity.com/rules/axe/4.11/target-size).,0,,div.header-logo > div.display-flex > div.display-flex > a,"<a href=""/index.html"">",portion of logo that reads Lister Hill National Center for Biomedical Communica…,"Fix any of the following:
  Target has insufficient size (264.5px by 16px, should be at least 24px by 24px)
  Target has insufficient space to its closest neighbors. Safe clickable space has a diameter of 15.2px instead of at least 24px."
https://lhncbc.nlm.nih.gov,success,target-size,Touch targets do not have sufficient size or spacing.,Touch targets with sufficient size and spacing help users who may have difficulty targeting small controls to activate the targets. [Learn more about touch targets](https://dequeuniversity.com/rules/axe/4.11/target-size).,0,,div.grid-row > div.desktop:grid-col-3 > p > a.text-white,"<a href=""https://www.nih.gov/institutes-nih/nih-office-director/office-communicatio…"" class=""text-white"">",FOIA,"Fix any of the following:
  Target has insufficient size (34.8px by 19px, should be at least 24px by 24px)
  Target has insufficient space to its closest neighbors. Safe clickable space has a diameter of 18.4px instead of at least 24px."
https://lhncbc.nlm.nih.gov,success,target-size,Touch targets do not have sufficient size or spacing.,Touch targets with sufficient size and spacing help users who may have difficulty targeting small controls to activate the targets. [Learn more about touch targets](https://dequeuniversity.com/rules/axe/4.11/target-size).,0,,div.grid-row > div.desktop:grid-col-3 > p > a.supportLink,"<a class=""supportLink text-white"" href=""https://support.nlm.nih.gov/support/create-case/?from=https://lhncbc.nlm.n…"">",NLM Support Center,"Fix any of the following:
  Target has insufficient size (145.3px by 19px, should be at least 24px by 24px)
  Target has insufficient space to its closest neighbors. Safe clickable space has a diameter of 18.4px instead of at least 24px."
https://lhncbc.nlm.nih.gov,success,target-size,Touch targets do not have sufficient size or spacing.,Touch targets with sufficient size and spacing help users who may have difficulty targeting small controls to activate the targets. [Learn more about touch targets](https://dequeuniversity.com/rules/axe/4.11/target-size).,0,,div.grid-row > div.desktop:grid-col-3 > p > a.text-white,"<a href=""//www.nlm.nih.gov/accessibility.html"" class=""text-white"">",Accessibility,"Fix any of the following:
  Target has insufficient size (89.5px by 19px, should be at least 24px by 24px)
  Target has insufficient space to its closest neighbors. Safe clickable space has a diameter of 12.8px instead of at least 24px."
https://lhncbc.nlm.nih.gov,success,target-size,Touch targets do not have sufficient size or spacing.,Touch targets with sufficient size and spacing help users who may have difficulty targeting small controls to activate the targets. [Learn more about touch targets](https://dequeuniversity.com/rules/axe/4.11/target-size).,0,,div.grid-row > div.desktop:grid-col-3 > p > a.text-white,"<a href=""//www.nlm.nih.gov/careers/careers.html"" class=""text-white"">",Careers,"Fix any of the following:
  Target has insufficient size (55px by 19px, should be at least 24px by 24px)
  Target has insufficient space to its closest neighbors. Safe clickable space has a diameter of 19px instead of at least 24px."
https://lhncbc.nlm.nih.gov,success,landmark-one-main,Document does not have a main landmark.,One main landmark helps screen reader users navigate a web page. [Learn more about landmarks](https://dequeuniversity.com/rules/axe/4.11/landmark-one-main).,0,,html,"<html lang=""en"">",html,"Fix all of the following:
  Document does not have a main landmark"
https://be-md.ncbi.nlm.nih.gov,success,,,,,,,,,
https://fdanj.nlm.nih.gov,success,heading-order,Heading elements are not in a sequentially-descending order,"Properly ordered headings that do not skip levels convey the semantic structure of the page, making it easier to navigate and understand when using assistive technologies. [Learn more about heading order](https://dequeuniversity.com/rules/axe/4.11/heading-order).",0,,div.row > div.col-md-6 > div > h3,<h3>,Evidence Files Archival Collection,"Fix any of the following:
  Heading order invalid"
https://fdanj.nlm.nih.gov,success,link-in-text-block,Links rely on color to be distinguishable.,Low-contrast text is difficult or impossible for many users to read. Link text that is discernible improves the experience for users with low vision. [Learn how to make links distinguishable](https://dequeuniversity.com/rules/axe/4.11/link-in-text-block).,0,,div.col-md-6 > div > p > a,"<a href=""https://findingaids.nlm.nih.gov/repositories/ammp/resources/fdanj608"">",archival collection,"Fix any of the following:
  The link has insufficient color contrast of 2.43:1 with the surrounding text. (Minimum contrast is 3:1, link text: #326295, surrounding text: #212529)
  The link has no styling (such as underline) to distinguish it from the surrounding text"
https://ncbiinsights.ncbi.nlm.nih.gov,success,heading-order,Heading elements are not in a sequentially-descending order,"Properly ordered headings that do not skip levels convey the semantic structure of the page, making it easier to navigate and understand when using assistive technologies. [Learn more about heading order](https://dequeuniversity.com/rules/axe/4.11/heading-order).",0,,main#main > article#post-15892 > div.entry-content > h5,<h5>,How to provide feedback ,"Fix any of the following:
  Heading order invalid"
https://ncbiinsights.ncbi.nlm.nih.gov,success,heading-order,Heading elements are not in a sequentially-descending order,"Properly ordered headings that do not skip levels convey the semantic structure of the page, making it easier to navigate and understand when using assistive technologies. [Learn more about heading order](https://dequeuniversity.com/rules/axe/4.11/heading-order).",0,,main#main > article#post-15878 > div.entry-content > h5,<h5>,What’s new?  ,"Fix any of the following:
  Heading order invalid"
https://ncbiinsights.ncbi.nlm.nih.gov,success,heading-order,Heading elements are not in a sequentially-descending order,"Properly ordered headings that do not skip levels convey the semantic structure of the page, making it easier to navigate and understand when using assistive technologies. [Learn more about heading order](https://dequeuniversity.com/rules/axe/4.11/heading-order).",0,,main#main > article#post-15833 > div.entry-content > h5,<h5>,What’s new? ,"Fix any of the following:
  Heading order invalid"
https://ncbiinsights.ncbi.nlm.nih.gov,success,heading-order,Heading elements are not in a sequentially-descending order,"Properly ordered headings that do not skip levels convey the semantic structure of the page, making it easier to navigate and understand when using assistive technologies. [Learn more about heading order](https://dequeuniversity.com/rules/axe/4.11/heading-order).",0,,main#main > article#post-15814 > div.entry-content > h5,<h5>,What do you need to do? ,"Fix any of the following:
  Heading order invalid"
https://ncbiinsights.ncbi.nlm.nih.gov,success,heading-order,Heading elements are not in a sequentially-descending order,"Properly ordered headings that do not skip levels convey the semantic structure of the page, making it easier to navigate and understand when using assistive technologies. [Learn more about heading order](https://dequeuniversity.com/rules/axe/4.11/heading-order).",0,,main#main > article#post-15766 > div.entry-content > h5,<h5>,What’s new? ,"Fix any of the following:
  Heading order invalid"
https://ncbiinsights.ncbi.nlm.nih.gov,success,heading-order,Heading elements are not in a sequentially-descending order,"Properly ordered headings that do not skip levels convey the semantic structure of the page, making it easier to navigate and understand when using assistive technologies. [Learn more about heading order](https://dequeuniversity.com/rules/axe/4.11/heading-order).",0,,main#main > article#post-15492 > div.entry-content > h5,<h5>,What’s new? ,"Fix any of the following:
  Heading order invalid"
https://ncbiinsights.ncbi.nlm.nih.gov,success,heading-order,Heading elements are not in a sequentially-descending order,"Properly ordered headings that do not skip levels convey the semantic structure of the page, making it easier to navigate and understand when using assistive technologies. [Learn more about heading order](https://dequeuniversity.com/rules/axe/4.11/heading-order).",0,,main#main > article#post-15735 > div.entry-content > h3,<h3>,With a new tool to compare clinical genetic tests! ,"Fix any of the following:
  Heading order invalid"
https://ncbiinsights.ncbi.nlm.nih.gov,success,heading-order,Heading elements are not in a sequentially-descending order,"Properly ordered headings that do not skip levels convey the semantic structure of the page, making it easier to navigate and understand when using assistive technologies. [Learn more about heading order](https://dequeuniversity.com/rules/axe/4.11/heading-order).",0,,main#main > article#post-15735 > div.entry-content > h5,<h5>,What’s new? ,"Fix any of the following:
  Heading order invalid"
https://ncbiinsights.ncbi.nlm.nih.gov,success,label,Form elements do not have associated labels,"Labels ensure that form controls are announced properly by assistive technologies, like screen readers. [Learn more about form element labels](https://dequeuniversity.com/rules/axe/4.11/label).",0,,div.site-header-top > div.inner > form#header-search > input.search-field,"<input type=""search"" class=""search-field"" name=""s"" value="""">",div.site-header-top > div.inner > form#header-search > input.search-field,"Fix any of the following:
  Element does not have an implicit (wrapped) <label>
  Element does not have an explicit <label>
  aria-label attribute does not exist or is empty
  aria-labelledby attribute does not exist, references elements that do not exist or references elements that are empty
  Element has no title attribute
  Element has no placeholder attribute
  Element's default semantics were not overridden with role=""none"" or role=""presentation"""
https://ncbiinsights.ncbi.nlm.nih.gov,success,target-size,Touch targets do not have sufficient size or spacing.,Touch targets with sufficient size and spacing help users who may have difficulty targeting small controls to activate the targets. [Learn more about touch targets](https://dequeuniversity.com/rules/axe/4.11/target-size).,0,,div.meta-wrapper > ul.post-tags > li > a,"<a href=""https://ncbiinsights.ncbi.nlm.nih.gov/tag/comparative-genomics-resource-cg…"" rel=""tag"">",COMPARATIVE GENOMICS RESOURCE (CGR),"Fix any of the following:
  Target has insufficient size (280.4px by 16.1px, should be at least 24px by 24px)
  Target has insufficient space to its closest neighbors. Safe clickable space has a diameter of 19px instead of at least 24px."
https://ncbiinsights.ncbi.nlm.nih.gov,success,target-size,Touch targets do not have sufficient size or spacing.,Touch targets with sufficient size and spacing help users who may have difficulty targeting small controls to activate the targets. [Learn more about touch targets](https://dequeuniversity.com/rules/axe/4.11/target-size).,0,,div.meta-wrapper > ul.post-tags > li > a,"<a href=""https://ncbiinsights.ncbi.nlm.nih.gov/tag/genbank/"" rel=""tag"">",GENBANK,"Fix any of the following:
  Target has insufficient size (63.8px by 16.1px, should be at least 24px by 24px)
  Target has insufficient space to its closest neighbors. Safe clickable space has a diameter of 19px instead of at least 24px."
https://ncbiinsights.ncbi.nlm.nih.gov,success,target-size,Touch targets do not have sufficient size or spacing.,Touch targets with sufficient size and spacing help users who may have difficulty targeting small controls to activate the targets. [Learn more about touch targets](https://dequeuniversity.com/rules/axe/4.11/target-size).,0,,div.meta-wrapper > ul.post-tags > li > a,"<a href=""https://ncbiinsights.ncbi.nlm.nih.gov/tag/genome-data-viewer/"" rel=""tag"">",GENOME DATA VIEWER (GDV),"Fix any of the following:
  Target has insufficient size (187.6px by 16.1px, should be at least 24px by 24px)
  Target has insufficient space to its closest neighbors. Safe clickable space has a diameter of 19px instead of at least 24px."
https://ncbiinsights.ncbi.nlm.nih.gov,success,target-size,Touch targets do not have sufficient size or spacing.,Touch targets with sufficient size and spacing help users who may have difficulty targeting small controls to activate the targets. [Learn more about touch targets](https://dequeuniversity.com/rules/axe/4.11/target-size).,0,,div.row > div.col-lg-3 > p > a.text-white,"<a href=""https://www.nlm.nih.gov/copyright.html"" class=""text-white"">",Copyright,"Fix any of the following:
  Target has insufficient size (78.5px by 23px, should be at least 24px by 24px)
  Target has insufficient space to its closest neighbors. Safe clickable space has a diameter of 21px instead of at least 24px."
https://ncbiinsights.ncbi.nlm.nih.gov,success,target-size,Touch targets do not have sufficient size or spacing.,Touch targets with sufficient size and spacing help users who may have difficulty targeting small controls to activate the targets. [Learn more about touch targets](https://dequeuniversity.com/rules/axe/4.11/target-size).,0,,div.row > div.col-lg-3 > p > a.text-white,"<a href=""https://www.nih.gov/institutes-nih/nih-office-director/office-communicatio…"" class=""text-white"">",FOIA,"Fix any of the following:
  Target has insufficient size (37.2px by 23px, should be at least 24px by 24px)
  Target has insufficient space to its closest neighbors. Safe clickable space has a diameter of 20.6px instead of at least 24px."
https://ncbiinsights.ncbi.nlm.nih.gov,success,target-size,Touch targets do not have sufficient size or spacing.,Touch targets with sufficient size and spacing help users who may have difficulty targeting small controls to activate the targets. [Learn more about touch targets](https://dequeuniversity.com/rules/axe/4.11/target-size).,0,,div.row > div.col-lg-3 > p > a.text-white,"<a href=""https://www.nlm.nih.gov/privacy.html"" class=""text-white"">",Privacy,"Fix any of the following:
  Target has insufficient size (58.2px by 23px, should be at least 24px by 24px)
  Target has insufficient space to its closest neighbors. Safe clickable space has a diameter of 20.6px instead of at least 24px."
https://ncbiinsights.ncbi.nlm.nih.gov,success,target-size,Touch targets do not have sufficient size or spacing.,Touch targets with sufficient size and spacing help users who may have difficulty targeting small controls to activate the targets. [Learn more about touch targets](https://dequeuniversity.com/rules/axe/4.11/target-size).,0,,div.row > div.col-lg-3 > p > a.supportLink,"<a class=""supportLink text-white"" href=""https://support.nlm.nih.gov/"">",Help,"Fix any of the following:
  Target has insufficient size (37.3px by 23px, should be at least 24px by 24px)
  Target has insufficient space to its closest neighbors. Safe clickable space has a diameter of 20.6px instead of at least 24px."
https://ncbiinsights.ncbi.nlm.nih.gov,success,target-size,Touch targets do not have sufficient size or spacing.,Touch targets with sufficient size and spacing help users who may have difficulty targeting small controls to activate the targets. [Learn more about touch targets](https://dequeuniversity.com/rules/axe/4.11/target-size).,0,,div.row > div.col-lg-3 > p > a.text-white,"<a href=""https://www.nlm.nih.gov/accessibility.html"" class=""text-white"">",Accessibility,"Fix any of the following:
  Target has insufficient size (98.3px by 23px, should be at least 24px by 24px)
  Target has insufficient space to its closest neighbors. Safe clickable space has a diameter of 20.6px instead of at least 24px."
https://ncbiinsights.ncbi.nlm.nih.gov,success,target-size,Touch targets do not have sufficient size or spacing.,Touch targets with sufficient size and spacing help users who may have difficulty targeting small controls to activate the targets. [Learn more about touch targets](https://dequeuniversity.com/rules/axe/4.11/target-size).,0,,div.row > div.col-lg-3 > p > a.text-white,"<a href=""https://www.nlm.nih.gov/careers/careers.html"" class=""text-white"">",Careers,"Fix any of the following:
  Target has insufficient size (60.5px by 23px, should be at least 24px by 24px)
  Target has insufficient space to its closest neighbors. Safe clickable space has a diameter of 23px instead of at least 24px."
https://nihms.nih.gov,success,accesskeys,`[accesskey]` values are not unique,"Access keys let users quickly focus a part of the page. For proper navigation, each access key must be unique. [Learn more about access keys](https://dequeuniversity.com/rules/axe/4.11/accesskeys).",0,,body > a#nws_header_accesskey_1,"<a id=""nws_header_accesskey_1"" href=""https://www.ncbi.nlm.nih.gov"" class=""usa-sr-only"" accesskey=""1"" tabindex=""-1"">",NCBI Homepage,"Fix all of the following:
  Document has multiple elements with the same accesskey"
https://nihms.nih.gov,success,accesskeys,`[accesskey]` values are not unique,"Access keys let users quickly focus a part of the page. For proper navigation, each access key must be unique. [Learn more about access keys](https://dequeuniversity.com/rules/axe/4.11/accesskeys).",0,,body > a#nws_header_accesskey_3,"<a id=""nws_header_accesskey_3"" href=""#maincontent"" class=""usa-sr-only"" accesskey=""3"" tabindex=""-1"">",Main Content,"Fix all of the following:
  Document has multiple elements with the same accesskey"
https://uts.nlm.nih.gov,success,,,,,,,,,
https://circulatingnow.nlm.nih.gov,success,button-name,Buttons do not have an accessible name,"When a button doesn't have an accessible name, screen readers announce it as ""button"", making it unusable for users who rely on screen readers. [Learn how to make buttons more accessible](https://dequeuniversity.com/rules/axe/4.11/button-name).",0,,div.header-nav-search > div.header-navigation > nav#site-navigation > button.menu-toggle,"<button class=""menu-toggle"" aria-controls=""primary-menu"" aria-expanded=""false"">",div.header-nav-search > div.header-navigation > nav#site-navigation > button.menu-toggle,"Fix any of the following:
  Element does not have inner text that is visible to screen readers
  aria-label attribute does not exist or is empty
  aria-labelledby attribute does not exist, references elements that do not exist or references elements that are empty
  Element has no title attribute
  Element does not have an implicit (wrapped) <label>
  Element does not have an explicit <label>
  Element's default semantics were not overridden with role=""none"" or role=""presentation"""
https://dbgap.ncbi.nlm.nih.gov,success,color-contrast,Background and foreground colors do not have a sufficient contrast ratio.,Low-contrast text is difficult or impossible for many users to read. [Learn how to provide sufficient color contrast](https://dequeuniversity.com/rules/axe/4.11/color-contrast).,0,,div.ncbi-layout__single-column > section.rss-stats-section > div.stats-container > a.full-stats-link,"<a class=""full-stats-link"" href=""/statistics/"">",See More Statistics,"Fix any of the following:
  Element has insufficient color contrast of 4.11 (foreground color: #0071bc, background color: #d9e8f6, font size: 12.0pt (16px), font weight: bold). Expected contrast ratio of 4.5:1"
https://dbgap.ncbi.nlm.nih.gov,success,document-title,Document doesn't have a `<title>` element,"The title gives screen reader users an overview of the page, and search engine users rely on it heavily to determine if a page is relevant to their search. [Learn more about document titles](https://dequeuniversity.com/rules/axe/4.11/document-title).",0,,html,"<html lang=""en"" class="""">",html,"Fix any of the following:
  Document does not have a non-empty <title> element"
https://vsac.nlm.nih.gov,success,color-contrast,Background and foreground colors do not have a sufficient contrast ratio.,Low-contrast text is difficult or impossible for many users to read. [Learn how to provide sufficient color contrast](https://dequeuniversity.com/rules/axe/4.11/color-contrast).,0,,div#left-nav > ul#tabbuttons > li.welcome-tab > a#ui-id-5,"<a href=""#welcome-tab"" tabindex=""-1"" class=""ui-tabs-anchor"" id=""ui-id-5"">",Welcome,"Fix any of the following:
  Element has insufficient color contrast of 3.21 (foreground color: #e17009, background color: #ffffff, font size: 10.5pt (14px), font weight: bold). Expected contrast ratio of 4.5:1"
https://vsac.nlm.nih.gov,success,color-contrast,Background and foreground colors do not have a sufficient contrast ratio.,Low-contrast text is difficult or impossible for many users to read. [Learn how to provide sufficient color contrast](https://dequeuniversity.com/rules/axe/4.11/color-contrast).,0,,div#welcome-tab > div#welcomeContainer > div#covidBanner > button#Covidbutton,"<button id=""Covidbutton"" class=""covid__searchBtn btnClickEffect"" style=""margin-left:10px"">",Search,"Fix any of the following:
  Element has insufficient color contrast of 2.39 (foreground color: #ffffff, background color: #f68d2c, font size: 10.5pt (14px), font weight: normal). Expected contrast ratio of 4.5:1"
https://vsac.nlm.nih.gov,success,color-contrast,Background and foreground colors do not have a sufficient contrast ratio.,Low-contrast text is difficult or impossible for many users to read. [Learn how to provide sufficient color contrast](https://dequeuniversity.com/rules/axe/4.11/color-contrast).,0,,div#programCardsContainer > section.innerPRCardSection > article.prCard > button#prCard__allSearchBtn,"<button id=""prCard__allSearchBtn"" class=""prCard__searchBtn btnClickEffect ui-button ui-corner-all ui-widget"" data-prshortname=""all"" style=""font: inherit; color: rgb(255, 255, 255); background: rgb(246, 141, 44);"">",Search,"Fix any of the following:
  Element has insufficient color contrast of 2.39 (foreground color: #ffffff, background color: #f68d2c, font size: 10.5pt (14px), font weight: normal). Expected contrast ratio of 4.5:1"
https://vsac.nlm.nih.gov,success,color-contrast,Background and foreground colors do not have a sufficient contrast ratio.,Low-contrast text is difficult or impossible for many users to read. [Learn how to provide sufficient color contrast](https://dequeuniversity.com/rules/axe/4.11/color-contrast).,0,,div#programCardsContainer > section.innerPRCardSection > article.prCard > button#prCard__ecqmSearchBtn,"<button id=""prCard__ecqmSearchBtn"" class=""prCard__searchBtn btnClickEffect ui-button ui-corner-all ui-widget"" data-prshortname=""ecqm"" style=""font: inherit; color: rgb(255, 255, 255); background: rgb(246, 141, 44);"">",Search,"Fix any of the following:
  Element has insufficient color contrast of 2.39 (foreground color: #ffffff, background color: #f68d2c, font size: 10.5pt (14px), font weight: normal). Expected contrast ratio of 4.5:1"
https://vsac.nlm.nih.gov,success,color-contrast,Background and foreground colors do not have a sufficient contrast ratio.,Low-contrast text is difficult or impossible for many users to read. [Learn how to provide sufficient color contrast](https://dequeuniversity.com/rules/axe/4.11/color-contrast).,0,,div#programCardsContainer > section.innerPRCardSection > article.prCard > button#prCard__manifestSearchBtn,"<button id=""prCard__manifestSearchBtn"" class=""prCard__searchBtn btnClickEffect ui-button ui-corner-all ui-widget"" data-prshortname=""manifest"" style=""font: inherit; color: rgb(255, 255, 255); background: rgb(246, 141, 44);"">",Search,"Fix any of the following:
  Element has insufficient color contrast of 2.39 (foreground color: #ffffff, background color: #f68d2c, font size: 10.5pt (14px), font weight: normal). Expected contrast ratio of 4.5:1"
https://vsac.nlm.nih.gov,success,color-contrast,Background and foreground colors do not have a sufficient contrast ratio.,Low-contrast text is difficult or impossible for many users to read. [Learn how to provide sufficient color contrast](https://dequeuniversity.com/rules/axe/4.11/color-contrast).,0,,div#programCardsContainer > section.innerPRCardSection > article.prCard > button#prCard__ccdaSearchBtn,"<button id=""prCard__ccdaSearchBtn"" class=""prCard__searchBtn btnClickEffect ui-button ui-corner-all ui-widget"" data-prshortname=""ccda"" style=""font: inherit; color: rgb(255, 255, 255); background: rgb(246, 141, 44);"">",Search,"Fix any of the following:
  Element has insufficient color contrast of 2.39 (foreground color: #ffffff, background color: #f68d2c, font size: 10.5pt (14px), font weight: normal). Expected contrast ratio of 4.5:1"
https://vsac.nlm.nih.gov,success,list,Lists do not contain only `<li>` elements and script supporting elements (`<script>` and `<template>`).,Screen readers have a specific way of announcing lists. Ensuring proper list structure aids screen reader output. [Learn more about proper list structure](https://dequeuniversity.com/rules/axe/4.11/list).,0,,div#main-nav > div#nav-menu > div#right-nav > ul.right-links,"<ul class=""right-links"">"," Comparison Tool
 Browse Code Systems
 Help","Fix all of the following:
  List element has direct children that are not allowed: [role=button]"
https://vsac.nlm.nih.gov,success,landmark-one-main,Document does not have a main landmark.,One main landmark helps screen reader users navigate a web page. [Learn more about landmarks](https://dequeuniversity.com/rules/axe/4.11/landmark-one-main).,0,,html.fontawesome-i2svg-active,"<html lang=""en"" style=""visibility: visible;"" class=""fontawesome-i2svg-active fontawesome-i2svg-complete"">",html.fontawesome-i2svg-active,"Fix all of the following:
  Document does not have a main landmark"
https://mor.nlm.nih.gov,success,button-name,Buttons do not have an accessible name,"When a button doesn't have an accessible name, screen readers announce it as ""button"", making it unusable for users who rely on screen readers. [Learn how to make buttons more accessible](https://dequeuniversity.com/rules/axe/4.11/button-name).",0,,header.usa-header > div.usa-nav-layout > div.LHC-menu > button.usa-menu-btn,"<button class=""usa-menu-btn"">",header.usa-header > div.usa-nav-layout > div.LHC-menu > button.usa-menu-btn,"Fix any of the following:
  Element does not have inner text that is visible to screen readers
  aria-label attribute does not exist or is empty
  aria-labelledby attribute does not exist, references elements that do not exist or references elements that are empty
  Element has no title attribute
  Element does not have an implicit (wrapped) <label>
  Element does not have an explicit <label>
  Element's default semantics were not overridden with role=""none"" or role=""presentation"""
https://mor.nlm.nih.gov,success,heading-order,Heading elements are not in a sequentially-descending order,"Properly ordered headings that do not skip levels convey the semantic structure of the page, making it easier to navigate and understand when using assistive technologies. [Learn more about heading order](https://dequeuniversity.com/rules/axe/4.11/heading-order).",0,,div.usa-grid-container > div.grid-row > div.desktop:grid-col-10 > h5.banner-motto,"<h5 class=""banner-motto"">",The Medical Terminology project focuses on terminology and ontology in the biom…,"Fix any of the following:
  Heading order invalid"
https://mor.nlm.nih.gov,success,target-size,Touch targets do not have sufficient size or spacing.,Touch targets with sufficient size and spacing help users who may have difficulty targeting small controls to activate the targets. [Learn more about touch targets](https://dequeuniversity.com/rules/axe/4.11/target-size).,0,,div.header-logo > div.display-flex > div.display-flex > a,"<a href=""https://www.nlm.nih.gov"">",div.header-logo > div.display-flex > div.display-flex > a,"Fix any of the following:
  Target has insufficient size (264.5px by 20.1px, should be at least 24px by 24px)
  Target has insufficient space to its closest neighbors. Safe clickable space has a diameter of 9.8px instead of at least 24px."
https://mor.nlm.nih.gov,success,target-size,Touch targets do not have sufficient size or spacing.,Touch targets with sufficient size and spacing help users who may have difficulty targeting small controls to activate the targets. [Learn more about touch targets](https://dequeuniversity.com/rules/axe/4.11/target-size).,0,,div.header-logo > div.display-flex > div.display-flex > a,"<a href=""/index.html"">",div.header-logo > div.display-flex > div.display-flex > a,"Fix any of the following:
  Target has insufficient size (264.5px by 13.6px, should be at least 24px by 24px)
  Target has insufficient space to its closest neighbors. Safe clickable space has a diameter of 9.8px instead of at least 24px."
https://mor.nlm.nih.gov,success,target-size,Touch targets do not have sufficient size or spacing.,Touch targets with sufficient size and spacing help users who may have difficulty targeting small controls to activate the targets. [Learn more about touch targets](https://dequeuniversity.com/rules/axe/4.11/target-size).,0,,div.grid-col-10 > ul > li > a,"<a href=""/MOR/pubs/offi.html"">",Publications,"Fix any of the following:
  Target has insufficient size (70.5px by 15px, should be at least 24px by 24px)
  Target has insufficient space to its closest neighbors. Safe clickable space has a diameter of 22.8px instead of at least 24px."
https://mor.nlm.nih.gov,success,target-size,Touch targets do not have sufficient size or spacing.,Touch targets with sufficient size and spacing help users who may have difficulty targeting small controls to activate the targets. [Learn more about touch targets](https://dequeuniversity.com/rules/axe/4.11/target-size).,0,,div.grid-col-10 > ul > li > a,"<a href=""/MOR/pubs/pres.html"">",Presentations,"Fix any of the following:
  Target has insufficient size (79px by 15px, should be at least 24px by 24px)
  Target has insufficient space to its closest neighbors. Safe clickable space has a diameter of 22.8px instead of at least 24px."
https://mor.nlm.nih.gov,success,target-size,Touch targets do not have sufficient size or spacing.,Touch targets with sufficient size and spacing help users who may have difficulty targeting small controls to activate the targets. [Learn more about touch targets](https://dequeuniversity.com/rules/axe/4.11/target-size).,0,,div.grid-row > div.desktop:grid-col-3 > p > a.text-white,"<a href=""https://www.nih.gov/institutes-nih/nih-office-director/office-communicatio…"" class=""text-white"">",FOIA,"Fix any of the following:
  Target has insufficient size (25px by 14px, should be at least 24px by 24px)
  Target has insufficient space to its closest neighbors. Safe clickable space has a diameter of 20.6px instead of at least 24px."
https://mor.nlm.nih.gov,success,target-size,Touch targets do not have sufficient size or spacing.,Touch targets with sufficient size and spacing help users who may have difficulty targeting small controls to activate the targets. [Learn more about touch targets](https://dequeuniversity.com/rules/axe/4.11/target-size).,0,,div.grid-row > div.desktop:grid-col-3 > p > a.supportLink,"<a class=""supportLink text-white"" href=""https://support.nlm.nih.gov/support/create-case/?from=https://lhncbc.nlm.n…"">",NLM Support Center,"Fix any of the following:
  Target has insufficient size (104.6px by 14px, should be at least 24px by 24px)
  Target has insufficient space to its closest neighbors. Safe clickable space has a diameter of 20.6px instead of at least 24px."
https://mor.nlm.nih.gov,success,target-size,Touch targets do not have sufficient size or spacing.,Touch targets with sufficient size and spacing help users who may have difficulty targeting small controls to activate the targets. [Learn more about touch targets](https://dequeuniversity.com/rules/axe/4.11/target-size).,0,,div.grid-row > div.desktop:grid-col-3 > p > a.text-white,"<a href=""//www.nlm.nih.gov/accessibility.html"" class=""text-white"">",Accessibility,"Fix any of the following:
  Target has insufficient size (64.5px by 14px, should be at least 24px by 24px)
  Target has insufficient space to its closest neighbors. Safe clickable space has a diameter of 18.6px instead of at least 24px."
https://mor.nlm.nih.gov,success,target-size,Touch targets do not have sufficient size or spacing.,Touch targets with sufficient size and spacing help users who may have difficulty targeting small controls to activate the targets. [Learn more about touch targets](https://dequeuniversity.com/rules/axe/4.11/target-size).,0,,div.grid-row > div.desktop:grid-col-3 > p > a.text-white,"<a href=""//www.nlm.nih.gov/careers/careers.html"" class=""text-white"">",Careers,"Fix any of the following:
  Target has insufficient size (39.6px by 14px, should be at least 24px by 24px)
  Target has insufficient space to its closest neighbors. Safe clickable space has a diameter of 18.6px instead of at least 24px."
https://mor.nlm.nih.gov,success,landmark-one-main,Document does not have a main landmark.,One main landmark helps screen reader users navigate a web page. [Learn more about landmarks](https://dequeuniversity.com/rules/axe/4.11/landmark-one-main).,0,,html,"<html lang=""en"">",html,"Fix all of the following:
  Document does not have a main landmark"
https://catalog.nlm.nih.gov,success,link-in-text-block,Links rely on color to be distinguishable.,Low-contrast text is difficult or impossible for many users to read. Link text that is discernible improves the experience for users with low vision. [Learn how to make links distinguishable](https://dequeuniversity.com/rules/axe/4.11/link-in-text-block).,0,,md-card.default-card > md-card-content > p > a.md-primoExplore-theme,"<a href=""https://www.nlm.nih.gov/tsd/catalog_help/catalogupdates/index.html"" class=""md-primoExplore-theme"">",Catalog Updates,"Fix any of the following:
  The link has insufficient color contrast of 1.79:1 with the surrounding text. (Minimum contrast is 3:1, link text: #326295, surrounding text: #3a3a3a)
  The link has no styling (such as underline) to distinguish it from the surrounding text"
https://catalog.nlm.nih.gov,success,link-in-text-block,Links rely on color to be distinguishable.,Low-contrast text is difficult or impossible for many users to read. Link text that is discernible improves the experience for users with low vision. [Learn how to make links distinguishable](https://dequeuniversity.com/rules/axe/4.11/link-in-text-block).,0,,md-card.default-card > md-card-content > p > a.md-primoExplore-theme,"<a href=""https://www.nlm.nih.gov/tsd/catalog_help/requestlibrarymaterials/index.html"" class=""md-primoExplore-theme"">",help,"Fix any of the following:
  The link has insufficient color contrast of 1.79:1 with the surrounding text. (Minimum contrast is 3:1, link text: #326295, surrounding text: #3a3a3a)
  The link has no styling (such as underline) to distinguish it from the surrounding text"
https://catalog.nlm.nih.gov,success,link-in-text-block,Links rely on color to be distinguishable.,Low-contrast text is difficult or impossible for many users to read. Link text that is discernible improves the experience for users with low vision. [Learn how to make links distinguishable](https://dequeuniversity.com/rules/axe/4.11/link-in-text-block).,0,,div.layout-column > md-card.default-card > md-card-content > a.arrow-link,"<a href=""https://www.nlm.nih.gov/tsd/catalog_help/index.html"" rel=""help"" class=""arrow-link md-primoExplore-theme"" target=""_blank"">",LocatorPlus Catalog Help,"Fix any of the following:
  The link has insufficient color contrast of 1.79:1 with the surrounding text. (Minimum contrast is 3:1, link text: #326295, surrounding text: #3a3a3a)
  The link has no styling (such as underline) to distinguish it from the surrounding text"
https://catalog.nlm.nih.gov,success,link-in-text-block,Links rely on color to be distinguishable.,Low-contrast text is difficult or impossible for many users to read. Link text that is discernible improves the experience for users with low vision. [Learn how to make links distinguishable](https://dequeuniversity.com/rules/axe/4.11/link-in-text-block).,0,,div.layout-column > md-card.default-card > md-card-content > a.arrow-link,"<a href=""https://support.nlm.nih.gov/"" class=""arrow-link md-primoExplore-theme"">",NLM Support Center.,"Fix any of the following:
  The link has insufficient color contrast of 1.79:1 with the surrounding text. (Minimum contrast is 3:1, link text: #326295, surrounding text: #3a3a3a)
  The link has no styling (such as underline) to distinguish it from the surrounding text"
https://catalog.nlm.nih.gov,success,target-size,Touch targets do not have sufficient size or spacing.,Touch targets with sufficient size and spacing help users who may have difficulty targeting small controls to activate the targets. [Learn more about touch targets](https://dequeuniversity.com/rules/axe/4.11/target-size).,0,,div.row > div.col-md-3 > p > a.text-white,"<a href=""https://www.nih.gov/institutes-nih/nih-office-director/office-communicatio…"" class=""text-white md-primoExplore-theme"">",FOIA,"Fix any of the following:
  Target has insufficient size (29.3px by 20.5px, should be at least 24px by 24px)
  Target has insufficient space to its closest neighbors. Safe clickable space has a diameter of 17.6px instead of at least 24px."
https://catalog.nlm.nih.gov,success,target-size,Touch targets do not have sufficient size or spacing.,Touch targets with sufficient size and spacing help users who may have difficulty targeting small controls to activate the targets. [Learn more about touch targets](https://dequeuniversity.com/rules/axe/4.11/target-size).,0,,div.row > div.col-md-3 > p > a.text-white,"<a href=""https://www.nlm.nih.gov/accessibility.html"" class=""text-white md-primoExplore-theme"">",Accessibility,"Fix any of the following:
  Target has insufficient size (76.5px by 20.5px, should be at least 24px by 24px)
  Target has insufficient space to its closest neighbors. Safe clickable space has a diameter of 19px instead of at least 24px."
https://catalog.nlm.nih.gov,success,target-size,Touch targets do not have sufficient size or spacing.,Touch targets with sufficient size and spacing help users who may have difficulty targeting small controls to activate the targets. [Learn more about touch targets](https://dequeuniversity.com/rules/axe/4.11/target-size).,0,,div.row > div.col-md-3 > p > a.text-white,"<a href=""https://www.nlm.nih.gov/careers/careers.html"" class=""text-white md-primoExplore-theme"">",Careers,"Fix any of the following:
  Target has insufficient size (47.5px by 20.5px, should be at least 24px by 24px)
  Target has insufficient space to its closest neighbors. Safe clickable space has a diameter of 20.6px instead of at least 24px."
https://nih.gov,success,link-in-text-block,Links rely on color to be distinguishable.,Low-contrast text is difficult or impossible for many users to read. Link text that is discernible improves the experience for users with low vision. [Learn how to make links distinguishable](https://dequeuniversity.com/rules/axe/4.11/link-in-text-block).,0,,div.usa-identifier__container > div.usa-identifier__identity > p.usa-identifier__identity-disclaimer > a.ext,"<a href=""http://www.hhs.gov/"" class=""ext"" data-extlink="""" target=""_blank"" rel=""noopener nofollow noreferrer"">",Department of Health and Human Services,"Fix any of the following:
  The link has insufficient color contrast of 1.31:1 with the surrounding text. (Minimum contrast is 3:1, link text: #dfe1e2, surrounding text: #ffffff)
  The link has no styling (such as underline) to distinguish it from the surrounding text"
https://pmc-d.ncbi.nlm.nih.gov,success,,,,,,,,,
https://datasetcatalog.nlm.nih.gov,success,color-contrast,Background and foreground colors do not have a sufficient contrast ratio.,Low-contrast text is difficult or impossible for many users to read. [Learn how to provide sufficient color contrast](https://dequeuniversity.com/rules/axe/4.11/color-contrast).,0,,div.flex > div.mr-[16px] > div.flex > span.text-[11px],"<span class=""text-[11px] leading-[12px] text-center"">",Coming Soon,"Fix any of the following:
  Element has insufficient color contrast of 2.53 (foreground color: #ffffff, background color: #9ca3af, font size: 8.3pt (11px), font weight: normal). Expected contrast ratio of 4.5:1"
https://datasetcatalog.nlm.nih.gov,success,color-contrast,Background and foreground colors do not have a sufficient contrast ratio.,Low-contrast text is difficult or impossible for many users to read. [Learn how to provide sufficient color contrast](https://dequeuniversity.com/rules/axe/4.11/color-contrast).,0,,div.flex > div > h3 > span.text-decoration-none,"<span class=""text-decoration-none text-nih-grey-500 cursor-not-allowed"">",Clinical Trials (Coming Soon),"Fix any of the following:
  Element has insufficient color contrast of 4.41 (foreground color: #787878, background color: #ffffff, font size: 15.0pt (20px), font weight: normal). Expected contrast ratio of 4.5:1"
https://datasetcatalog.nlm.nih.gov,success,color-contrast,Background and foreground colors do not have a sufficient contrast ratio.,Low-contrast text is difficult or impossible for many users to read. [Learn how to provide sufficient color contrast](https://dequeuniversity.com/rules/axe/4.11/color-contrast).,0,,div.mb-[40px] > div.flex > div > div.mb-1,"<div class=""mb-1 text-gray-400"">",Clinical Research Studies,"Fix any of the following:
  Element has insufficient color contrast of 2.53 (foreground color: #9ca3af, background color: #ffffff, font size: 12.0pt (16px), font weight: normal). Expected contrast ratio of 4.5:1"
https://datasetcatalog.nlm.nih.gov,success,color-contrast,Background and foreground colors do not have a sufficient contrast ratio.,Low-contrast text is difficult or impossible for many users to read. [Learn how to provide sufficient color contrast](https://dequeuniversity.com/rules/axe/4.11/color-contrast).,0,,div.mb-[40px] > div.flex > div > p.mb-0,"<p class=""mb-0 text-gray-400"" style=""overflow: hidden; text-overflow: ellipsis; display: -webkit-box;"">",ClinicalTrials.gov is a website and online database of clinical research studie…,"Fix any of the following:
  Element has insufficient color contrast of 2.53 (foreground color: #9ca3af, background color: #ffffff, font size: 12.0pt (16px), font weight: normal). Expected contrast ratio of 4.5:1"
https://datasetcatalog.nlm.nih.gov,success,color-contrast,Background and foreground colors do not have a sufficient contrast ratio.,Low-contrast text is difficult or impossible for many users to read. [Learn how to provide sufficient color contrast](https://dequeuniversity.com/rules/axe/4.11/color-contrast).,0,,div.flex > div.mr-[16px] > div.flex > span.text-[11px],"<span class=""text-[11px] leading-[12px] text-center"">",Coming Soon,"Fix any of the following:
  Element has insufficient color contrast of 2.53 (foreground color: #ffffff, background color: #9ca3af, font size: 8.3pt (11px), font weight: normal). Expected contrast ratio of 4.5:1"
https://datasetcatalog.nlm.nih.gov,success,color-contrast,Background and foreground colors do not have a sufficient contrast ratio.,Low-contrast text is difficult or impossible for many users to read. [Learn how to provide sufficient color contrast](https://dequeuniversity.com/rules/axe/4.11/color-contrast).,0,,div.flex > div > h3 > span.text-decoration-none,"<span class=""text-decoration-none text-nih-grey-500 cursor-not-allowed"">",Vivli (Coming Soon),"Fix any of the following:
  Element has insufficient color contrast of 4.41 (foreground color: #787878, background color: #ffffff, font size: 15.0pt (20px), font weight: normal). Expected contrast ratio of 4.5:1"
https://datasetcatalog.nlm.nih.gov,success,color-contrast,Background and foreground colors do not have a sufficient contrast ratio.,Low-contrast text is difficult or impossible for many users to read. [Learn how to provide sufficient color contrast](https://dequeuniversity.com/rules/axe/4.11/color-contrast).,0,,div.mb-[40px] > div.flex > div > div.mb-1,"<div class=""mb-1 text-gray-400"">",Clinical Trial Data Sharing Platform,"Fix any of the following:
  Element has insufficient color contrast of 2.53 (foreground color: #9ca3af, background color: #ffffff, font size: 12.0pt (16px), font weight: normal). Expected contrast ratio of 4.5:1"
https://datasetcatalog.nlm.nih.gov,success,color-contrast,Background and foreground colors do not have a sufficient contrast ratio.,Low-contrast text is difficult or impossible for many users to read. [Learn how to provide sufficient color contrast](https://dequeuniversity.com/rules/axe/4.11/color-contrast).,0,,div.mb-[40px] > div.flex > div > p.mb-0,"<p class=""mb-0 text-gray-400"" style=""overflow: hidden; text-overflow: ellipsis; display: -webkit-box;"">","Vivli is an independent, non-profit organization that has developed a global da…","Fix any of the following:
  Element has insufficient color contrast of 2.53 (foreground color: #9ca3af, background color: #ffffff, font size: 12.0pt (16px), font weight: normal). Expected contrast ratio of 4.5:1"
https://datasetcatalog.nlm.nih.gov,success,heading-order,Heading elements are not in a sequentially-descending order,"Properly ordered headings that do not skip levels convey the semantic structure of the page, making it easier to navigate and understand when using assistive technologies. [Learn more about heading order](https://dequeuniversity.com/rules/axe/4.11/heading-order).",0,,div.text-nih-white > div.mx-auto > div.mb-[8px] > h5.block,"<h5 class=""block"">","Search 2,322,888 datasets","Fix any of the following:
  Heading order invalid"
https://datasetcatalog.nlm.nih.gov,success,link-name,Links do not have a discernible name,"Link text (and alternate text for images, when used as links) that is discernible, unique, and focusable improves the navigation experience for screen reader users. [Learn how to make links accessible](https://dequeuniversity.com/rules/axe/4.11/link-name).",0,,div.flex > ul.flex > li > a,"<a href=""https://www.facebook.com/nationallibraryofmedicine"" target=""_blank"" rel=""noreferrer"">",div.flex > ul.flex > li > a,"Fix all of the following:
  Element is in tab order and does not have accessible text

Fix any of the following:
  Element does not have text that is visible to screen readers
  aria-label attribute does not exist or is empty
  aria-labelledby attribute does not exist, references elements that do not exist or references elements that are empty
  Element has no title attribute"
https://datasetcatalog.nlm.nih.gov,success,link-name,Links do not have a discernible name,"Link text (and alternate text for images, when used as links) that is discernible, unique, and focusable improves the navigation experience for screen reader users. [Learn how to make links accessible](https://dequeuniversity.com/rules/axe/4.11/link-name).",0,,div.flex > ul.flex > li > a,"<a href=""https://www.linkedin.com/company/national-library-of-medicine-nlm/"" target=""_blank"" rel=""noreferrer"">",div.flex > ul.flex > li > a,"Fix all of the following:
  Element is in tab order and does not have accessible text

Fix any of the following:
  Element does not have text that is visible to screen readers
  aria-label attribute does not exist or is empty
  aria-labelledby attribute does not exist, references elements that do not exist or references elements that are empty
  Element has no title attribute"
https://datasetcatalog.nlm.nih.gov,success,link-name,Links do not have a discernible name,"Link text (and alternate text for images, when used as links) that is discernible, unique, and focusable improves the navigation experience for screen reader users. [Learn how to make links accessible](https://dequeuniversity.com/rules/axe/4.11/link-name).",0,,div.flex > ul.flex > li > a,"<a href=""https://x.com/NLM_NIH"" target=""_blank"" rel=""noreferrer"">",div.flex > ul.flex > li > a,"Fix all of the following:
  Element is in tab order and does not have accessible text

Fix any of the following:
  Element does not have text that is visible to screen readers
  aria-label attribute does not exist or is empty
  aria-labelledby attribute does not exist, references elements that do not exist or references elements that are empty
  Element has no title attribute"
https://datasetcatalog.nlm.nih.gov,success,link-name,Links do not have a discernible name,"Link text (and alternate text for images, when used as links) that is discernible, unique, and focusable improves the navigation experience for screen reader users. [Learn how to make links accessible](https://dequeuniversity.com/rules/axe/4.11/link-name).",0,,div.flex > ul.flex > li > a,"<a href=""https://www.youtube.com/user/NLMNIH"" target=""_blank"" rel=""noreferrer"">",div.flex > ul.flex > li > a,"Fix all of the following:
  Element is in tab order and does not have accessible text

Fix any of the following:
  Element does not have text that is visible to screen readers
  aria-label attribute does not exist or is empty
  aria-labelledby attribute does not exist, references elements that do not exist or references elements that are empty
  Element has no title attribute"
https://dataview.ncbi.nlm.nih.gov,success,,,,,,,,,
https://qa.ncbi.nlm.nih.gov,success,,,,,,,,,
https://profiles.nlm.nih.gov,success,link-name,Links do not have a discernible name,"Link text (and alternate text for images, when used as links) that is discernible, unique, and focusable improves the navigation experience for screen reader users. [Learn how to make links accessible](https://dequeuniversity.com/rules/axe/4.11/link-name).",0,,body.blacklight-exhibits > nav.navbar > div.container > a.navbar-brand,"<a class=""navbar-brand"" href=""/"">",NLM Profiles in Science logo,"Fix all of the following:
  Element is in tab order and does not have accessible text

Fix any of the following:
  Element does not have text that is visible to screen readers
  aria-label attribute does not exist or is empty
  aria-labelledby attribute does not exist, references elements that do not exist or references elements that are empty
  Element has no title attribute"
https://www.nihms.nih.gov,success,accesskeys,`[accesskey]` values are not unique,"Access keys let users quickly focus a part of the page. For proper navigation, each access key must be unique. [Learn more about access keys](https://dequeuniversity.com/rules/axe/4.11/accesskeys).",0,,body > a#nws_header_accesskey_1,"<a id=""nws_header_accesskey_1"" href=""https://www.ncbi.nlm.nih.gov"" class=""usa-sr-only"" accesskey=""1"" tabindex=""-1"">",NCBI Homepage,"Fix all of the following:
  Document has multiple elements with the same accesskey"
https://www.nihms.nih.gov,success,accesskeys,`[accesskey]` values are not unique,"Access keys let users quickly focus a part of the page. For proper navigation, each access key must be unique. [Learn more about access keys](https://dequeuniversity.com/rules/axe/4.11/accesskeys).",0,,body > a#nws_header_accesskey_3,"<a id=""nws_header_accesskey_3"" href=""#maincontent"" class=""usa-sr-only"" accesskey=""3"" tabindex=""-1"">",Main Content,"Fix all of the following:
  Document has multiple elements with the same accesskey"
https://meshb-prev.nlm.nih.gov,success,aria-allowed-attr,`[aria-*]` attributes do not match their roles,Each ARIA `role` supports a specific subset of `aria-*` attributes. Mismatching these invalidates the `aria-*` attributes. [Learn how to match ARIA attributes to their roles](https://dequeuniversity.com/rules/axe/4.11/aria-allowed-attr).,0,,div > nav.navbar > div.container-fluid > div#bs-example-navbar-collapse-1,"<div id=""bs-example-navbar-collapse-1"" class=""collapse navbar-collapse"" aria-expanded=""false"">","Search
Tree View
MeSH on Demand
MeSH 2026
About
Suggestions
Contact Us","Fix all of the following:
  ARIA attribute is not allowed: aria-expanded=""false"""
https://meshb-prev.nlm.nih.gov,success,color-contrast,Background and foreground colors do not have a sufficient contrast ratio.,Low-contrast text is difficult or impossible for many users to read. [Learn how to provide sufficient color contrast](https://dequeuniversity.com/rules/axe/4.11/color-contrast).,0,,div#bs-example-navbar-collapse-1 > ul.nav > li > a#mainSearchButton,"<a href=""/"" id=""mainSearchButton"">",Search,"Fix any of the following:
  Element has insufficient color contrast of 4.21 (foreground color: #777777, background color: #f8f8f8, font size: 10.5pt (14px), font weight: normal). Expected contrast ratio of 4.5:1"
https://meshb-prev.nlm.nih.gov,success,color-contrast,Background and foreground colors do not have a sufficient contrast ratio.,Low-contrast text is difficult or impossible for many users to read. [Learn how to provide sufficient color contrast](https://dequeuniversity.com/rules/axe/4.11/color-contrast).,0,,div#bs-example-navbar-collapse-1 > ul.nav > li > a,"<a href=""/treeView"">",Tree View,"Fix any of the following:
  Element has insufficient color contrast of 4.21 (foreground color: #777777, background color: #f8f8f8, font size: 10.5pt (14px), font weight: normal). Expected contrast ratio of 4.5:1"
https://meshb-prev.nlm.nih.gov,success,color-contrast,Background and foreground colors do not have a sufficient contrast ratio.,Low-contrast text is difficult or impossible for many users to read. [Learn how to provide sufficient color contrast](https://dequeuniversity.com/rules/axe/4.11/color-contrast).,0,,div#bs-example-navbar-collapse-1 > ul.nav > li > a,"<a href=""/MeSHonDemand"">",MeSH on Demand,"Fix any of the following:
  Element has insufficient color contrast of 4.21 (foreground color: #777777, background color: #f8f8f8, font size: 10.5pt (14px), font weight: normal). Expected contrast ratio of 4.5:1"
https://meshb-prev.nlm.nih.gov,success,color-contrast,Background and foreground colors do not have a sufficient contrast ratio.,Low-contrast text is difficult or impossible for many users to read. [Learn how to provide sufficient color contrast](https://dequeuniversity.com/rules/axe/4.11/color-contrast).,0,,div#bs-example-navbar-collapse-1 > ul.nav > li > a,"<a href=""https://meshb.nlm.nih.gov/"" target=""_blank"">",MeSH 2026,"Fix any of the following:
  Element has insufficient color contrast of 4.21 (foreground color: #777777, background color: #f8f8f8, font size: 10.5pt (14px), font weight: normal). Expected contrast ratio of 4.5:1"
https://meshb-prev.nlm.nih.gov,success,color-contrast,Background and foreground colors do not have a sufficient contrast ratio.,Low-contrast text is difficult or impossible for many users to read. [Learn how to provide sufficient color contrast](https://dequeuniversity.com/rules/axe/4.11/color-contrast).,0,,div#bs-example-navbar-collapse-1 > ul.nav > li > a,"<a href=""https://www.nlm.nih.gov/mesh/mbinfo.html"" target=""_blank"">",About,"Fix any of the following:
  Element has insufficient color contrast of 4.21 (foreground color: #777777, background color: #f8f8f8, font size: 10.5pt (14px), font weight: normal). Expected contrast ratio of 4.5:1"
https://meshb-prev.nlm.nih.gov,success,color-contrast,Background and foreground colors do not have a sufficient contrast ratio.,Low-contrast text is difficult or impossible for many users to read. [Learn how to provide sufficient color contrast](https://dequeuniversity.com/rules/axe/4.11/color-contrast).,0,,div#bs-example-navbar-collapse-1 > ul.nav > li > a,"<a href=""https://www.nlm.nih.gov/mesh/meshsugg.html"" target=""_blank"">",Suggestions,"Fix any of the following:
  Element has insufficient color contrast of 4.21 (foreground color: #777777, background color: #f8f8f8, font size: 10.5pt (14px), font weight: normal). Expected contrast ratio of 4.5:1"
https://meshb-prev.nlm.nih.gov,success,color-contrast,Background and foreground colors do not have a sufficient contrast ratio.,Low-contrast text is difficult or impossible for many users to read. [Learn how to provide sufficient color contrast](https://dequeuniversity.com/rules/axe/4.11/color-contrast).,0,,div#bs-example-navbar-collapse-1 > ul.nav > li > a,"<a href=""https://support.nlm.nih.gov/support/create-case/"" target=""_blank"">",Contact Us,"Fix any of the following:
  Element has insufficient color contrast of 4.21 (foreground color: #777777, background color: #f8f8f8, font size: 10.5pt (14px), font weight: normal). Expected contrast ratio of 4.5:1"
https://meshb-prev.nlm.nih.gov,success,landmark-one-main,Document does not have a main landmark.,One main landmark helps screen reader users navigate a web page. [Learn more about landmarks](https://dequeuniversity.com/rules/axe/4.11/landmark-one-main).,0,,html,"<html lang=""en"">",html,"Fix all of the following:
  Document does not have a main landmark"
https://cde.nlm.nih.gov,success,target-size,Touch targets do not have sufficient size or spacing.,Touch targets with sufficient size and spacing help users who may have difficulty targeting small controls to activate the targets. [Learn more about touch targets](https://dequeuniversity.com/rules/axe/4.11/target-size).,0,,footer > div.topSection > div > a,"<a _ngcontent-ng-c2725819075="""" href=""https://www.nlm.nih.gov/socialmedia/index.html"" target=""_blank"" rel=""noopener noreferrer"">",Connect with NLM,"Fix any of the following:
  Target has insufficient size (203.9px by 20px, should be at least 24px by 24px)
  Target has insufficient space to its closest neighbors. Safe clickable space has a diameter of 20px instead of at least 24px."
https://cde.nlm.nih.gov,success,target-size,Touch targets do not have sufficient size or spacing.,Touch targets with sufficient size and spacing help users who may have difficulty targeting small controls to activate the targets. [Learn more about touch targets](https://dequeuniversity.com/rules/axe/4.11/target-size).,0,,footer > div.topSection > div > a,"<a _ngcontent-ng-c2725819075="""" href=""https://www.nlm.nih.gov/web_policies.html"" target=""_blank"" rel=""noopener noreferrer"">",Web Policies,"Fix any of the following:
  Target has insufficient size (203.9px by 20px, should be at least 24px by 24px)
  Target has insufficient space to its closest neighbors. Safe clickable space has a diameter of 16px instead of at least 24px."
https://cde.nlm.nih.gov,success,target-size,Touch targets do not have sufficient size or spacing.,Touch targets with sufficient size and spacing help users who may have difficulty targeting small controls to activate the targets. [Learn more about touch targets](https://dequeuniversity.com/rules/axe/4.11/target-size).,0,,footer > div.topSection > div > a,"<a _ngcontent-ng-c2725819075="""" href=""https://www.nih.gov/institutes-nih/nih-office-director/office-communicatio…"" target=""_blank"" rel=""noopener noreferrer"">",FOIA,"Fix any of the following:
  Target has insufficient size (203.9px by 20px, should be at least 24px by 24px)
  Target has insufficient space to its closest neighbors. Safe clickable space has a diameter of 16px instead of at least 24px."
https://cde.nlm.nih.gov,success,target-size,Touch targets do not have sufficient size or spacing.,Touch targets with sufficient size and spacing help users who may have difficulty targeting small controls to activate the targets. [Learn more about touch targets](https://dequeuniversity.com/rules/axe/4.11/target-size).,0,,footer > div.topSection > div > a,"<a _ngcontent-ng-c2725819075="""" href=""https://www.hhs.gov/vulnerability-disclosure-policy/index.html"" target=""_blank"" rel=""noopener noreferrer"">",HHS Vulnerability Disclosure,"Fix any of the following:
  Target has insufficient size (203.9px by 20px, should be at least 24px by 24px)
  Target has insufficient space to its closest neighbors. Safe clickable space has a diameter of 16px instead of at least 24px."
https://cde.nlm.nih.gov,success,target-size,Touch targets do not have sufficient size or spacing.,Touch targets with sufficient size and spacing help users who may have difficulty targeting small controls to activate the targets. [Learn more about touch targets](https://dequeuniversity.com/rules/axe/4.11/target-size).,0,,footer > div.topSection > div > a,"<a _ngcontent-ng-c2725819075="""" href=""https://support.nlm.nih.gov/?from=https://cde.nlm.nih.gov/"" target=""_blank"" rel=""noopener noreferrer"">",NLM Support Center,"Fix any of the following:
  Target has insufficient size (203.9px by 20px, should be at least 24px by 24px)
  Target has insufficient space to its closest neighbors. Safe clickable space has a diameter of 16px instead of at least 24px."
https://cde.nlm.nih.gov,success,target-size,Touch targets do not have sufficient size or spacing.,Touch targets with sufficient size and spacing help users who may have difficulty targeting small controls to activate the targets. [Learn more about touch targets](https://dequeuniversity.com/rules/axe/4.11/target-size).,0,,footer > div.topSection > div > a,"<a _ngcontent-ng-c2725819075="""" href=""https://www.nlm.nih.gov/accessibility.html"" target=""_blank"" rel=""noopener noreferrer"">",Accessibility,"Fix any of the following:
  Target has insufficient size (203.9px by 20px, should be at least 24px by 24px)
  Target has insufficient space to its closest neighbors. Safe clickable space has a diameter of 16px instead of at least 24px."
https://cde.nlm.nih.gov,success,target-size,Touch targets do not have sufficient size or spacing.,Touch targets with sufficient size and spacing help users who may have difficulty targeting small controls to activate the targets. [Learn more about touch targets](https://dequeuniversity.com/rules/axe/4.11/target-size).,0,,footer > div.topSection > div > a,"<a _ngcontent-ng-c2725819075="""" href=""https://www.nlm.nih.gov/careers/careers.html"" target=""_blank"" rel=""noopener noreferrer"">",Careers,"Fix any of the following:
  Target has insufficient size (203.9px by 20px, should be at least 24px by 24px)
  Target has insufficient space to its closest neighbors. Safe clickable space has a diameter of 16px instead of at least 24px."
https://classification.nlm.nih.gov,success,skip-link,Skip links are not focusable.,Including a skip link can help users skip to the main content to save time. [Learn more about skip links](https://dequeuniversity.com/rules/axe/4.11/skip-link).,0,,body > main > a.usa-skipnav,"<a class=""usa-skipnav"" href=""#main"">",Skip to main content,"Fix any of the following:
  No skip link target"
https://classification.nlm.nih.gov,success,skip-link,Skip links are not focusable.,Including a skip link can help users skip to the main content to save time. [Learn more about skip links](https://dequeuniversity.com/rules/axe/4.11/skip-link).,0,,body > main > header.insertheader > a.usa-skipnav,"<a class=""usa-skipnav"" href=""#main-content"">",Skip to main content,"Fix any of the following:
  No skip link target"
https://classification.nlm.nih.gov,success,target-size,Touch targets do not have sufficient size or spacing.,Touch targets with sufficient size and spacing help users who may have difficulty targeting small controls to activate the targets. [Learn more about touch targets](https://dequeuniversity.com/rules/axe/4.11/target-size).,0,,div.row > div.col-md-3 > p > a.text-white,"<a href=""https://www.nih.gov/institutes-nih/nih-office-director/office-communicatio…"" class=""text-white"">",FOIA,"Fix any of the following:
  Target has insufficient size (31.3px by 17px, should be at least 24px by 24px)
  Target has insufficient space to its closest neighbors. Safe clickable space has a diameter of 23.4px instead of at least 24px."
https://classification.nlm.nih.gov,success,target-size,Touch targets do not have sufficient size or spacing.,Touch targets with sufficient size and spacing help users who may have difficulty targeting small controls to activate the targets. [Learn more about touch targets](https://dequeuniversity.com/rules/axe/4.11/target-size).,0,,div.row > div.col-md-3 > p > a.supportLink,"<a class=""supportLink text-white"" href=""//support.nlm.nih.gov?from="">",NLM Support Center,"Fix any of the following:
  Target has insufficient size (130.7px by 17px, should be at least 24px by 24px)
  Target has insufficient space to its closest neighbors. Safe clickable space has a diameter of 23.4px instead of at least 24px."
https://classification.nlm.nih.gov,success,target-size,Touch targets do not have sufficient size or spacing.,Touch targets with sufficient size and spacing help users who may have difficulty targeting small controls to activate the targets. [Learn more about touch targets](https://dequeuniversity.com/rules/axe/4.11/target-size).,0,,div.row > div.col-md-3 > p > a.text-white,"<a href=""https://www.nlm.nih.gov/accessibility.html"" class=""text-white"">",Accessibility,"Fix any of the following:
  Target has insufficient size (80.5px by 17px, should be at least 24px by 24px)
  Target has insufficient space to its closest neighbors. Safe clickable space has a diameter of 23.4px instead of at least 24px."
https://classification.nlm.nih.gov,success,target-size,Touch targets do not have sufficient size or spacing.,Touch targets with sufficient size and spacing help users who may have difficulty targeting small controls to activate the targets. [Learn more about touch targets](https://dequeuniversity.com/rules/axe/4.11/target-size).,0,,div.row > div.col-md-3 > p > a.text-white,"<a href=""https://www.nlm.nih.gov/careers/careers.html"" class=""text-white"">",Careers,"Fix any of the following:
  Target has insufficient size (49.5px by 17px, should be at least 24px by 24px)
  Target has insufficient space to its closest neighbors. Safe clickable space has a diameter of 23.4px instead of at least 24px."
https://jats.nlm.nih.gov,success,color-contrast,Background and foreground colors do not have a sufficient contrast ratio.,Low-contrast text is difficult or impossible for many users to read. [Learn how to provide sufficient color contrast](https://dequeuniversity.com/rules/axe/4.11/color-contrast).,0,,div.portlet_content > ul > li.image > div.desc,"<div class=""desc"" style=""font-size:90%"">",The most permissive of the Tag Sets.,"Fix any of the following:
  Element has insufficient color contrast of 4.47 (foreground color: #777777, background color: #ffffff, font size: 8.9pt (11.88px), font weight: normal). Expected contrast ratio of 4.5:1"
https://jats.nlm.nih.gov,success,color-contrast,Background and foreground colors do not have a sufficient contrast ratio.,Low-contrast text is difficult or impossible for many users to read. [Learn how to provide sufficient color contrast](https://dequeuniversity.com/rules/axe/4.11/color-contrast).,0,,div.portlet_content > ul > li.image > div.desc,"<div class=""desc"" style=""font-size:90%"">",A moderately prescriptive Tag Set.,"Fix any of the following:
  Element has insufficient color contrast of 4.47 (foreground color: #777777, background color: #ffffff, font size: 8.9pt (11.88px), font weight: normal). Expected contrast ratio of 4.5:1"
https://jats.nlm.nih.gov,success,color-contrast,Background and foreground colors do not have a sufficient contrast ratio.,Low-contrast text is difficult or impossible for many users to read. [Learn how to provide sufficient color contrast](https://dequeuniversity.com/rules/axe/4.11/color-contrast).,0,,div.portlet_content > ul > li.image > div.desc,"<div class=""desc"" style=""font-size:90%"">",The most prescriptive of the Tag Sets.,"Fix any of the following:
  Element has insufficient color contrast of 4.47 (foreground color: #777777, background color: #ffffff, font size: 8.9pt (11.88px), font weight: normal). Expected contrast ratio of 4.5:1"
https://jats.nlm.nih.gov,success,target-size,Touch targets do not have sufficient size or spacing.,Touch targets with sufficient size and spacing help users who may have difficulty targeting small controls to activate the targets. [Learn more about touch targets](https://dequeuniversity.com/rules/axe/4.11/target-size).,0,,div.subfooter > ul#getting_started > li > a,"<a href=""//www.ncbi.nlm.nih.gov/home/learn.shtml"">",NCBI Education,"Fix any of the following:
  Target has insufficient size (78.3px by 12px, should be at least 24px by 24px)
  Target has insufficient space to its closest neighbors. Safe clickable space has a diameter of 17.6px instead of at least 24px."
https://jats.nlm.nih.gov,success,target-size,Touch targets do not have sufficient size or spacing.,Touch targets with sufficient size and spacing help users who may have difficulty targeting small controls to activate the targets. [Learn more about touch targets](https://dequeuniversity.com/rules/axe/4.11/target-size).,0,,div.subfooter > ul#getting_started > li > a,"<a href=""//www.ncbi.nlm.nih.gov/books/NBK3831/"">",NCBI Help Manual,"Fix any of the following:
  Target has insufficient size (91.1px by 12px, should be at least 24px by 24px)
  Target has insufficient space to its closest neighbors. Safe clickable space has a diameter of 17.2px instead of at least 24px."
https://jats.nlm.nih.gov,success,target-size,Touch targets do not have sufficient size or spacing.,Touch targets with sufficient size and spacing help users who may have difficulty targeting small controls to activate the targets. [Learn more about touch targets](https://dequeuniversity.com/rules/axe/4.11/target-size).,0,,div.subfooter > ul#getting_started > li > a,"<a href=""//www.ncbi.nlm.nih.gov/books/NBK143764/"">",NCBI Handbook,"Fix any of the following:
  Target has insufficient size (79.5px by 12px, should be at least 24px by 24px)
  Target has insufficient space to its closest neighbors. Safe clickable space has a diameter of 17.2px instead of at least 24px."
https://jats.nlm.nih.gov,success,target-size,Touch targets do not have sufficient size or spacing.,Touch targets with sufficient size and spacing help users who may have difficulty targeting small controls to activate the targets. [Learn more about touch targets](https://dequeuniversity.com/rules/axe/4.11/target-size).,0,,div.subfooter > ul#getting_started > li > a,"<a href=""//www.ncbi.nlm.nih.gov/home/learn.shtml"">",Training & Tutorials,"Fix any of the following:
  Target has insufficient size (94.4px by 12px, should be at least 24px by 24px)
  Target has insufficient space to its closest neighbors. Safe clickable space has a diameter of 18.2px instead of at least 24px."
https://jats.nlm.nih.gov,success,target-size,Touch targets do not have sufficient size or spacing.,Touch targets with sufficient size and spacing help users who may have difficulty targeting small controls to activate the targets. [Learn more about touch targets](https://dequeuniversity.com/rules/axe/4.11/target-size).,0,,div.subfooter > ul#resources > li > a,"<a href=""//www.ncbi.nlm.nih.gov/guide/data-software/"">",Data & Software,"Fix any of the following:
  Target has insufficient size (80.1px by 12px, should be at least 24px by 24px)
  Target has insufficient space to its closest neighbors. Safe clickable space has a diameter of 20.8px instead of at least 24px."
https://jats.nlm.nih.gov,success,target-size,Touch targets do not have sufficient size or spacing.,Touch targets with sufficient size and spacing help users who may have difficulty targeting small controls to activate the targets. [Learn more about touch targets](https://dequeuniversity.com/rules/axe/4.11/target-size).,0,,div.subfooter > ul#resources > li > a,"<a href=""//www.ncbi.nlm.nih.gov/guide/dna-rna/"">",DNA & RNA,"Fix any of the following:
  Target has insufficient size (59.3px by 12px, should be at least 24px by 24px)
  Target has insufficient space to its closest neighbors. Safe clickable space has a diameter of 20.8px instead of at least 24px."
https://jats.nlm.nih.gov,success,target-size,Touch targets do not have sufficient size or spacing.,Touch targets with sufficient size and spacing help users who may have difficulty targeting small controls to activate the targets. [Learn more about touch targets](https://dequeuniversity.com/rules/axe/4.11/target-size).,0,,div.subfooter > ul#resources > li > a,"<a href=""//www.ncbi.nlm.nih.gov/guide/domains-structures/"">",Domains & Structures,"Fix any of the following:
  Target has insufficient size (107px by 12px, should be at least 24px by 24px)
  Target has insufficient space to its closest neighbors. Safe clickable space has a diameter of 16.2px instead of at least 24px."
https://jats.nlm.nih.gov,success,target-size,Touch targets do not have sufficient size or spacing.,Touch targets with sufficient size and spacing help users who may have difficulty targeting small controls to activate the targets. [Learn more about touch targets](https://dequeuniversity.com/rules/axe/4.11/target-size).,0,,div.subfooter > ul#resources > li > a,"<a href=""//www.ncbi.nlm.nih.gov/guide/genes-expression/"">",Genes & Expression,"Fix any of the following:
  Target has insufficient size (100.3px by 12px, should be at least 24px by 24px)
  Target has insufficient space to its closest neighbors. Safe clickable space has a diameter of 15.6px instead of at least 24px."
https://jats.nlm.nih.gov,success,target-size,Touch targets do not have sufficient size or spacing.,Touch targets with sufficient size and spacing help users who may have difficulty targeting small controls to activate the targets. [Learn more about touch targets](https://dequeuniversity.com/rules/axe/4.11/target-size).,0,,div.subfooter > ul#resources > li > a,"<a href=""//www.ncbi.nlm.nih.gov/guide/genetics-medicine/"">",Genetics & Medicine,"Fix any of the following:
  Target has insufficient size (100.9px by 12px, should be at least 24px by 24px)
  Target has insufficient space to its closest neighbors. Safe clickable space has a diameter of 15.6px instead of at least 24px."
https://jats.nlm.nih.gov,success,target-size,Touch targets do not have sufficient size or spacing.,Touch targets with sufficient size and spacing help users who may have difficulty targeting small controls to activate the targets. [Learn more about touch targets](https://dequeuniversity.com/rules/axe/4.11/target-size).,0,,div.subfooter > ul#resources > li > a,"<a href=""//www.ncbi.nlm.nih.gov/guide/genomes-maps/"">",Genomes & Maps,"Fix any of the following:
  Target has insufficient size (88px by 12px, should be at least 24px by 24px)
  Target has insufficient space to its closest neighbors. Safe clickable space has a diameter of 17.6px instead of at least 24px."
https://jats.nlm.nih.gov,success,target-size,Touch targets do not have sufficient size or spacing.,Touch targets with sufficient size and spacing help users who may have difficulty targeting small controls to activate the targets. [Learn more about touch targets](https://dequeuniversity.com/rules/axe/4.11/target-size).,0,,div.subfooter > ul#resources > li > a,"<a href=""//www.ncbi.nlm.nih.gov/guide/homology/"">",Homology,"Fix any of the following:
  Target has insufficient size (49.5px by 12px, should be at least 24px by 24px)
  Target has insufficient space to its closest neighbors. Safe clickable space has a diameter of 15.8px instead of at least 24px."
https://jats.nlm.nih.gov,success,target-size,Touch targets do not have sufficient size or spacing.,Touch targets with sufficient size and spacing help users who may have difficulty targeting small controls to activate the targets. [Learn more about touch targets](https://dequeuniversity.com/rules/axe/4.11/target-size).,0,,div.subfooter > ul#resources > li > a,"<a href=""//www.ncbi.nlm.nih.gov/guide/literature/"">",Literature,"Fix any of the following:
  Target has insufficient size (46.5px by 12px, should be at least 24px by 24px)
  Target has insufficient space to its closest neighbors. Safe clickable space has a diameter of 15.8px instead of at least 24px."
https://jats.nlm.nih.gov,success,target-size,Touch targets do not have sufficient size or spacing.,Touch targets with sufficient size and spacing help users who may have difficulty targeting small controls to activate the targets. [Learn more about touch targets](https://dequeuniversity.com/rules/axe/4.11/target-size).,0,,div.subfooter > ul#resources > li > a,"<a href=""//www.ncbi.nlm.nih.gov/guide/proteins/"">",Proteins,"Fix any of the following:
  Target has insufficient size (40.4px by 12px, should be at least 24px by 24px)
  Target has insufficient space to its closest neighbors. Safe clickable space has a diameter of 16px instead of at least 24px."
https://jats.nlm.nih.gov,success,target-size,Touch targets do not have sufficient size or spacing.,Touch targets with sufficient size and spacing help users who may have difficulty targeting small controls to activate the targets. [Learn more about touch targets](https://dequeuniversity.com/rules/axe/4.11/target-size).,0,,div.subfooter > ul#resources > li > a,"<a href=""//www.ncbi.nlm.nih.gov/guide/taxonomy/"">",Taxonomy,"Fix any of the following:
  Target has insufficient size (50.1px by 12px, should be at least 24px by 24px)
  Target has insufficient space to its closest neighbors. Safe clickable space has a diameter of 16.4px instead of at least 24px."
https://jats.nlm.nih.gov,success,target-size,Touch targets do not have sufficient size or spacing.,Touch targets with sufficient size and spacing help users who may have difficulty targeting small controls to activate the targets. [Learn more about touch targets](https://dequeuniversity.com/rules/axe/4.11/target-size).,0,,div.subfooter > ul#resources > li > a,"<a href=""//www.ncbi.nlm.nih.gov/guide/variation/"">",Variation,"Fix any of the following:
  Target has insufficient size (42.6px by 12px, should be at least 24px by 24px)
  Target has insufficient space to its closest neighbors. Safe clickable space has a diameter of 16.4px instead of at least 24px."
https://jats.nlm.nih.gov,success,target-size,Touch targets do not have sufficient size or spacing.,Touch targets with sufficient size and spacing help users who may have difficulty targeting small controls to activate the targets. [Learn more about touch targets](https://dequeuniversity.com/rules/axe/4.11/target-size).,0,,div.subfooter > ul#popular > li > a,"<a href=""//www.ncbi.nlm.nih.gov/pubmed/"">",PubMed,"Fix any of the following:
  Target has insufficient size (41px by 12px, should be at least 24px by 24px)
  Target has insufficient space to its closest neighbors. Safe clickable space has a diameter of 16.2px instead of at least 24px."
https://jats.nlm.nih.gov,success,target-size,Touch targets do not have sufficient size or spacing.,Touch targets with sufficient size and spacing help users who may have difficulty targeting small controls to activate the targets. [Learn more about touch targets](https://dequeuniversity.com/rules/axe/4.11/target-size).,0,,div.subfooter > ul#popular > li > a,"<a href=""//www.ncbi.nlm.nih.gov/books/"">",Bookshelf,"Fix any of the following:
  Target has insufficient size (48.3px by 12px, should be at least 24px by 24px)
  Target has insufficient space to its closest neighbors. Safe clickable space has a diameter of 16.2px instead of at least 24px."
https://jats.nlm.nih.gov,success,target-size,Touch targets do not have sufficient size or spacing.,Touch targets with sufficient size and spacing help users who may have difficulty targeting small controls to activate the targets. [Learn more about touch targets](https://dequeuniversity.com/rules/axe/4.11/target-size).,0,,div.subfooter > ul#popular > li > a.newdomain,"<a href=""https://blast.ncbi.nlm.nih.gov/Blast.cgi"" class=""newdomain"">",BLAST,"Fix any of the following:
  Target has insufficient size (34.9px by 12px, should be at least 24px by 24px)
  Target has insufficient space to its closest neighbors. Safe clickable space has a diameter of 19.2px instead of at least 24px."
https://jats.nlm.nih.gov,success,target-size,Touch targets do not have sufficient size or spacing.,Touch targets with sufficient size and spacing help users who may have difficulty targeting small controls to activate the targets. [Learn more about touch targets](https://dequeuniversity.com/rules/axe/4.11/target-size).,0,,div.subfooter > ul#popular > li > a,"<a href=""//www.ncbi.nlm.nih.gov/nucleotide/"">",Nucleotide,"Fix any of the following:
  Target has insufficient size (52px by 12px, should be at least 24px by 24px)
  Target has insufficient space to its closest neighbors. Safe clickable space has a diameter of 16.8px instead of at least 24px."
https://jats.nlm.nih.gov,success,target-size,Touch targets do not have sufficient size or spacing.,Touch targets with sufficient size and spacing help users who may have difficulty targeting small controls to activate the targets. [Learn more about touch targets](https://dequeuniversity.com/rules/axe/4.11/target-size).,0,,div.subfooter > ul#popular > li > a,"<a href=""//www.ncbi.nlm.nih.gov/genome/"">",Genome,"Fix any of the following:
  Target has insufficient size (42.2px by 12px, should be at least 24px by 24px)
  Target has insufficient space to its closest neighbors. Safe clickable space has a diameter of 16.8px instead of at least 24px."
https://jats.nlm.nih.gov,success,target-size,Touch targets do not have sufficient size or spacing.,Touch targets with sufficient size and spacing help users who may have difficulty targeting small controls to activate the targets. [Learn more about touch targets](https://dequeuniversity.com/rules/axe/4.11/target-size).,0,,div.subfooter > ul#popular > li > a,"<a href=""//www.ncbi.nlm.nih.gov/snp/"">",SNP,"Fix any of the following:
  Target has insufficient size (22.6px by 12px, should be at least 24px by 24px)
  Target has insufficient space to its closest neighbors. Safe clickable space has a diameter of 15.8px instead of at least 24px."
https://jats.nlm.nih.gov,success,target-size,Touch targets do not have sufficient size or spacing.,Touch targets with sufficient size and spacing help users who may have difficulty targeting small controls to activate the targets. [Learn more about touch targets](https://dequeuniversity.com/rules/axe/4.11/target-size).,0,,div.subfooter > ul#popular > li > a,"<a href=""//www.ncbi.nlm.nih.gov/gene/"">",Gene,"Fix any of the following:
  Target has insufficient size (26.9px by 12px, should be at least 24px by 24px)
  Target has insufficient space to its closest neighbors. Safe clickable space has a diameter of 15.8px instead of at least 24px."
https://jats.nlm.nih.gov,success,target-size,Touch targets do not have sufficient size or spacing.,Touch targets with sufficient size and spacing help users who may have difficulty targeting small controls to activate the targets. [Learn more about touch targets](https://dequeuniversity.com/rules/axe/4.11/target-size).,0,,div.subfooter > ul#popular > li > a,"<a href=""//www.ncbi.nlm.nih.gov/protein/"">",Protein,"Fix any of the following:
  Target has insufficient size (34.9px by 12px, should be at least 24px by 24px)
  Target has insufficient space to its closest neighbors. Safe clickable space has a diameter of 16.4px instead of at least 24px."
https://jats.nlm.nih.gov,success,target-size,Touch targets do not have sufficient size or spacing.,Touch targets with sufficient size and spacing help users who may have difficulty targeting small controls to activate the targets. [Learn more about touch targets](https://dequeuniversity.com/rules/axe/4.11/target-size).,0,,div.subfooter > ul#popular > li > a.newdomain,"<a href=""https://pubchem.ncbi.nlm.nih.gov/"" class=""newdomain"">",PubChem,"Fix any of the following:
  Target has insufficient size (48.9px by 12px, should be at least 24px by 24px)
  Target has insufficient space to its closest neighbors. Safe clickable space has a diameter of 18px instead of at least 24px."
https://jats.nlm.nih.gov,success,target-size,Touch targets do not have sufficient size or spacing.,Touch targets with sufficient size and spacing help users who may have difficulty targeting small controls to activate the targets. [Learn more about touch targets](https://dequeuniversity.com/rules/axe/4.11/target-size).,0,,div.subfooter > ul#featured > li > a,"<a href=""//www.ncbi.nlm.nih.gov/refseq/"">",Reference Sequences,"Fix any of the following:
  Target has insufficient size (108.9px by 12px, should be at least 24px by 24px)
  Target has insufficient space to its closest neighbors. Safe clickable space has a diameter of 21.6px instead of at least 24px."
https://jats.nlm.nih.gov,success,target-size,Touch targets do not have sufficient size or spacing.,Touch targets with sufficient size and spacing help users who may have difficulty targeting small controls to activate the targets. [Learn more about touch targets](https://dequeuniversity.com/rules/axe/4.11/target-size).,0,,div.subfooter > ul#featured > li > a,"<a href=""//www.ncbi.nlm.nih.gov/geo/"">",Gene Expression Omnibus,"Fix any of the following:
  Target has insufficient size (131.5px by 12px, should be at least 24px by 24px)
  Target has insufficient space to its closest neighbors. Safe clickable space has a diameter of 21.6px instead of at least 24px."
https://jats.nlm.nih.gov,success,target-size,Touch targets do not have sufficient size or spacing.,Touch targets with sufficient size and spacing help users who may have difficulty targeting small controls to activate the targets. [Learn more about touch targets](https://dequeuniversity.com/rules/axe/4.11/target-size).,0,,div.subfooter > ul#featured > li > a,"<a href=""//www.ncbi.nlm.nih.gov/genome/guide/human/"">",Human Genome,"Fix any of the following:
  Target has insufficient size (80.7px by 12px, should be at least 24px by 24px)
  Target has insufficient space to its closest neighbors. Safe clickable space has a diameter of 15.6px instead of at least 24px."
https://jats.nlm.nih.gov,success,target-size,Touch targets do not have sufficient size or spacing.,Touch targets with sufficient size and spacing help users who may have difficulty targeting small controls to activate the targets. [Learn more about touch targets](https://dequeuniversity.com/rules/axe/4.11/target-size).,0,,div.subfooter > ul#featured > li > a,"<a href=""//www.ncbi.nlm.nih.gov/genome/guide/mouse/"">",Mouse Genome,"Fix any of the following:
  Target has insufficient size (78.3px by 12px, should be at least 24px by 24px)
  Target has insufficient space to its closest neighbors. Safe clickable space has a diameter of 15.6px instead of at least 24px."
https://jats.nlm.nih.gov,success,target-size,Touch targets do not have sufficient size or spacing.,Touch targets with sufficient size and spacing help users who may have difficulty targeting small controls to activate the targets. [Learn more about touch targets](https://dequeuniversity.com/rules/axe/4.11/target-size).,0,,div.subfooter > ul#featured > li > a,"<a href=""//www.ncbi.nlm.nih.gov/genomes/FLU/"">",Influenza Virus,"Fix any of the following:
  Target has insufficient size (72.6px by 12px, should be at least 24px by 24px)
  Target has insufficient space to its closest neighbors. Safe clickable space has a diameter of 15.6px instead of at least 24px."
https://jats.nlm.nih.gov,success,target-size,Touch targets do not have sufficient size or spacing.,Touch targets with sufficient size and spacing help users who may have difficulty targeting small controls to activate the targets. [Learn more about touch targets](https://dequeuniversity.com/rules/axe/4.11/target-size).,0,,div.subfooter > ul#featured > li > a,"<a href=""//www.ncbi.nlm.nih.gov/tools/primer-blast/"">",Primer-BLAST,"Fix any of the following:
  Target has insufficient size (70.9px by 12px, should be at least 24px by 24px)
  Target has insufficient space to its closest neighbors. Safe clickable space has a diameter of 15.6px instead of at least 24px."
https://jats.nlm.nih.gov,success,target-size,Touch targets do not have sufficient size or spacing.,Touch targets with sufficient size and spacing help users who may have difficulty targeting small controls to activate the targets. [Learn more about touch targets](https://dequeuniversity.com/rules/axe/4.11/target-size).,0,,div.subfooter > ul#info > li > a,"<a href=""//www.ncbi.nlm.nih.gov/research/"">",Research at NCBI,"Fix any of the following:
  Target has insufficient size (88.7px by 12px, should be at least 24px by 24px)
  Target has insufficient space to its closest neighbors. Safe clickable space has a diameter of 15.8px instead of at least 24px."
https://jats.nlm.nih.gov,success,target-size,Touch targets do not have sufficient size or spacing.,Touch targets with sufficient size and spacing help users who may have difficulty targeting small controls to activate the targets. [Learn more about touch targets](https://dequeuniversity.com/rules/axe/4.11/target-size).,0,,div.subfooter > ul#info > li > a,"<a href=""https://ncbiinsights.ncbi.nlm.nih.gov"">",NCBI News & Blog,"Fix any of the following:
  Target has insufficient size (92.3px by 12px, should be at least 24px by 24px)
  Target has insufficient space to its closest neighbors. Safe clickable space has a diameter of 15.8px instead of at least 24px."
https://jats.nlm.nih.gov,success,target-size,Touch targets do not have sufficient size or spacing.,Touch targets with sufficient size and spacing help users who may have difficulty targeting small controls to activate the targets. [Learn more about touch targets](https://dequeuniversity.com/rules/axe/4.11/target-size).,0,,div.subfooter > ul#info > li > a,"<a href=""https://ftp.ncbi.nlm.nih.gov/"">",NCBI FTP Site,"Fix any of the following:
  Target has insufficient size (71.9px by 12px, should be at least 24px by 24px)
  Target has insufficient space to its closest neighbors. Safe clickable space has a diameter of 20.6px instead of at least 24px."
https://jats.nlm.nih.gov,success,target-size,Touch targets do not have sufficient size or spacing.,Touch targets with sufficient size and spacing help users who may have difficulty targeting small controls to activate the targets. [Learn more about touch targets](https://dequeuniversity.com/rules/axe/4.11/target-size).,0,,div.subfooter > ul#info > li > a.external,"<a class=""external"" href=""https://www.facebook.com/ncbi.nlm"">",NCBI on Facebook,"Fix any of the following:
  Target has insufficient size (92.9px by 12px, should be at least 24px by 24px)
  Target has insufficient space to its closest neighbors. Safe clickable space has a diameter of 18.8px instead of at least 24px."
https://jats.nlm.nih.gov,success,target-size,Touch targets do not have sufficient size or spacing.,Touch targets with sufficient size and spacing help users who may have difficulty targeting small controls to activate the targets. [Learn more about touch targets](https://dequeuniversity.com/rules/axe/4.11/target-size).,0,,div.subfooter > ul#info > li > a.external,"<a class=""external"" href=""https://twitter.com/ncbi"">",NCBI on Twitter,"Fix any of the following:
  Target has insufficient size (76.8px by 12px, should be at least 24px by 24px)
  Target has insufficient space to its closest neighbors. Safe clickable space has a diameter of 17px instead of at least 24px."
https://jats.nlm.nih.gov,success,target-size,Touch targets do not have sufficient size or spacing.,Touch targets with sufficient size and spacing help users who may have difficulty targeting small controls to activate the targets. [Learn more about touch targets](https://dequeuniversity.com/rules/axe/4.11/target-size).,0,,div.subfooter > ul#info > li > a.external,"<a class=""external"" href=""https://www.youtube.com/ncbinlm"">",NCBI on YouTube,"Fix any of the following:
  Target has insufficient size (87.7px by 12px, should be at least 24px by 24px)
  Target has insufficient space to its closest neighbors. Safe clickable space has a diameter of 17px instead of at least 24px."
https://jats.nlm.nih.gov,success,landmark-one-main,Document does not have a main landmark.,One main landmark helps screen reader users navigate a web page. [Learn more about landmarks](https://dequeuniversity.com/rules/axe/4.11/landmark-one-main).,0,,html,"<html xmlns=""http://www.w3.org/1999/xhtml"" xml:lang=""en"" lang=""en"">",html,"Fix all of the following:
  Document does not have a main landmark"
https://niddk.nih.gov,success,,,,,,,,,
https://nimh.nih.gov,success,heading-order,Heading elements are not in a sequentially-descending order,"Properly ordered headings that do not skip levels convey the semantic structure of the page, making it easier to navigate and understand when using assistive technologies. [Learn more about heading order](https://dequeuniversity.com/rules/axe/4.11/heading-order).",0,,section.news_feature > div.news_feature_inner > span.caption > h4,<h4>,Developing Tools for Measuring Mental Health Outcomes,"Fix any of the following:
  Heading order invalid"
https://nimh.nih.gov,success,heading-order,Heading elements are not in a sequentially-descending order,"Properly ordered headings that do not skip levels convey the semantic structure of the page, making it easier to navigate and understand when using assistive technologies. [Learn more about heading order](https://dequeuniversity.com/rules/axe/4.11/heading-order).",0,,section.news_feature > div.news_feature_inner > span.caption > h4,<h4>,Acting Director of NIMH,"Fix any of the following:
  Heading order invalid"
https://nimh.nih.gov,success,heading-order,Heading elements are not in a sequentially-descending order,"Properly ordered headings that do not skip levels convey the semantic structure of the page, making it easier to navigate and understand when using assistive technologies. [Learn more about heading order](https://dequeuniversity.com/rules/axe/4.11/heading-order).",0,,div.field > div#block-footer > div.col-xl-4 > h5,<h5>,NIMH Resources,"Fix any of the following:
  Heading order invalid"
https://nimh.nih.gov,success,link-in-text-block,Links rely on color to be distinguishable.,Low-contrast text is difficult or impossible for many users to read. Link text that is discernible improves the experience for users with low vision. [Learn how to make links distinguishable](https://dequeuniversity.com/rules/axe/4.11/link-in-text-block).,0,,div.col-xl-4 > div.ofh > p > a,"<a href=""/health/publications/espanol"" data-entity-type=""node"" data-entity-uuid=""586d75ba-9cbb-40d4-a7d0-cd6e00781e3f"" data-entity-substitution=""canonical"">",En español,"Fix any of the following:
  The link has insufficient color contrast of 2.31:1 with the surrounding text. (Minimum contrast is 3:1, link text: #066abc, surrounding text: #293340)
  The link has no styling (such as underline) to distinguish it from the surrounding text"
https://nimh.nih.gov,success,landmark-one-main,Document does not have a main landmark.,One main landmark helps screen reader users navigate a web page. [Learn more about landmarks](https://dequeuniversity.com/rules/axe/4.11/landmark-one-main).,0,,html,"<html lang=""en"" dir=""ltr"" prefix=""og: https://ogp.me/ns#"" data-nid=""8429"">",html,"Fix all of the following:
  Document does not have a main landmark"
https://testpubchem.ncbi.nlm.nih.gov,success,,,,,,,,,
https://nhlbi.nih.gov,success,target-size,Touch targets do not have sufficient size or spacing.,Touch targets with sufficient size and spacing help users who may have difficulty targeting small controls to activate the targets. [Learn more about touch targets](https://dequeuniversity.com/rules/axe/4.11/target-size).,0,,nav.block > ul.menu > li.menu-item > a,"<a href=""https://eeo.nih.gov/no-fear-act"" rel=""noreferrer"">",No FEAR Act Data,"Fix any of the following:
  Target has insufficient size (116.4px by 18px, should be at least 24px by 24px)
  Target has insufficient space to its closest neighbors. Safe clickable space has a diameter of 20.2px instead of at least 24px."
https://nhlbi.nih.gov,success,target-size,Touch targets do not have sufficient size or spacing.,Touch targets with sufficient size and spacing help users who may have difficulty targeting small controls to activate the targets. [Learn more about touch targets](https://dequeuniversity.com/rules/axe/4.11/target-size).,0,,nav.block > ul.menu > li.menu-item > a.ext-icon,"<a class=""ext-icon"" href=""#"">",(link is external),"Fix any of the following:
  Target has insufficient size (24px by 12px, should be at least 24px by 24px)
  Target has insufficient space to its closest neighbors. Safe clickable space has a diameter of 14px instead of at least 24px."
https://nhlbi.nih.gov,success,target-size,Touch targets do not have sufficient size or spacing.,Touch targets with sufficient size and spacing help users who may have difficulty targeting small controls to activate the targets. [Learn more about touch targets](https://dequeuniversity.com/rules/axe/4.11/target-size).,0,,nav.block > ul.menu > li.menu-item > a.ext,"<a href=""https://www.hhs.gov/"" rel=""nofollow noopener noreferrer"" class=""ext"" target=""_blank"">",Health and Human Services,"Fix any of the following:
  Target has insufficient size (167.9px by 18px, should be at least 24px by 24px)
  Target has insufficient space to its closest neighbors. Safe clickable space has a diameter of 20px instead of at least 24px."
https://nhlbi.nih.gov,success,target-size,Touch targets do not have sufficient size or spacing.,Touch targets with sufficient size and spacing help users who may have difficulty targeting small controls to activate the targets. [Learn more about touch targets](https://dequeuniversity.com/rules/axe/4.11/target-size).,0,,nav.block > ul.menu > li.menu-item > a,"<a href=""https://www.nih.gov/"" rel=""noreferrer"">",National Institutes of Health,"Fix any of the following:
  Target has insufficient size (181.1px by 18px, should be at least 24px by 24px)
  Target has insufficient space to its closest neighbors. Safe clickable space has a diameter of 18px instead of at least 24px."
https://nhlbi.nih.gov,success,target-size,Touch targets do not have sufficient size or spacing.,Touch targets with sufficient size and spacing help users who may have difficulty targeting small controls to activate the targets. [Learn more about touch targets](https://dequeuniversity.com/rules/axe/4.11/target-size).,0,,nav.block > ul.menu > li.menu-item > a.ext-icon,"<a class=""ext-icon"" href=""#"">",(link is external),"Fix any of the following:
  Target has insufficient size (24px by 12px, should be at least 24px by 24px)
  Target has insufficient space to its closest neighbors. Safe clickable space has a diameter of 14px instead of at least 24px."
https://learn.nlm.nih.gov,success,color-contrast,Background and foreground colors do not have a sufficient contrast ratio.,Low-contrast text is difficult or impossible for many users to read. [Learn how to provide sufficient color contrast](https://dequeuniversity.com/rules/axe/4.11/color-contrast).,0,,div.container > h2.panel-title > a > h3,"<h3 style=""margin-top:0px; margin-bottom:0px; color: #337ab7"">",Search Learning Resources Database,"Fix any of the following:
  Element has insufficient color contrast of 4.47 (foreground color: #337ab7, background color: #fdfdfd, font size: 10.1pt (13.44px), font weight: normal). Expected contrast ratio of 4.5:1"
https://learn.nlm.nih.gov,success,color-contrast,Background and foreground colors do not have a sufficient contrast ratio.,Low-contrast text is difficult or impossible for many users to read. [Learn how to provide sufficient color contrast](https://dequeuniversity.com/rules/axe/4.11/color-contrast).,0,,div.row > div.col-md-12 > div.col-md-12 > h3,"<h3 style=""color: #337ab7;"">","Online tutorials, videos, and other instructional materials","Fix any of the following:
  Element has insufficient color contrast of 4.47 (foreground color: #337ab7, background color: #fdfdfd, font size: 10.1pt (13.44px), font weight: normal). Expected contrast ratio of 4.5:1"
https://learn.nlm.nih.gov,success,color-contrast,Background and foreground colors do not have a sufficient contrast ratio.,Low-contrast text is difficult or impossible for many users to read. [Learn how to provide sufficient color contrast](https://dequeuniversity.com/rules/axe/4.11/color-contrast).,0,,div.row > div.col > div.panel-group > h3.text-center,"<h3 class=""text-center"" style=""color: #337ab7;"">",Explore,"Fix any of the following:
  Element has insufficient color contrast of 4.47 (foreground color: #337ab7, background color: #fdfdfd, font size: 10.1pt (13.44px), font weight: normal). Expected contrast ratio of 4.5:1"
https://learn.nlm.nih.gov,success,target-size,Touch targets do not have sufficient size or spacing.,Touch targets with sufficient size and spacing help users who may have difficulty targeting small controls to activate the targets. [Learn more about touch targets](https://dequeuniversity.com/rules/axe/4.11/target-size).,0,,div.row > div.col-md-3 > p > a.text-white,"<a href=""https://www.nih.gov/institutes-nih/nih-office-director/office-communicatio…"" class=""text-white"">",FOIA,"Fix any of the following:
  Target has insufficient size (26.9px by 12px, should be at least 24px by 24px)
  Target has insufficient space to its closest neighbors. Safe clickable space has a diameter of 22.6px instead of at least 24px."
https://learn.nlm.nih.gov,success,target-size,Touch targets do not have sufficient size or spacing.,Touch targets with sufficient size and spacing help users who may have difficulty targeting small controls to activate the targets. [Learn more about touch targets](https://dequeuniversity.com/rules/axe/4.11/target-size).,0,,div.row > div.col-md-3 > p > a.supportLink,"<a class=""supportLink text-white"" href=""//support.nlm.nih.gov?from="">",NLM Support Center,"Fix any of the following:
  Target has insufficient size (105.6px by 12px, should be at least 24px by 24px)
  Target has insufficient space to its closest neighbors. Safe clickable space has a diameter of 22.6px instead of at least 24px."
https://learn.nlm.nih.gov,success,target-size,Touch targets do not have sufficient size or spacing.,Touch targets with sufficient size and spacing help users who may have difficulty targeting small controls to activate the targets. [Learn more about touch targets](https://dequeuniversity.com/rules/axe/4.11/target-size).,0,,div.row > div.col-md-3 > p > a.text-white,"<a href=""https://www.nlm.nih.gov/accessibility.html"" class=""text-white"">",Accessibility,"Fix any of the following:
  Target has insufficient size (62.7px by 12px, should be at least 24px by 24px)
  Target has insufficient space to its closest neighbors. Safe clickable space has a diameter of 16.8px instead of at least 24px."
https://learn.nlm.nih.gov,success,target-size,Touch targets do not have sufficient size or spacing.,Touch targets with sufficient size and spacing help users who may have difficulty targeting small controls to activate the targets. [Learn more about touch targets](https://dequeuniversity.com/rules/axe/4.11/target-size).,0,,div.row > div.col-md-3 > p > a.text-white,"<a href=""https://www.nlm.nih.gov/careers/careers.html"" class=""text-white"">",Careers,"Fix any of the following:
  Target has insufficient size (41px by 12px, should be at least 24px by 24px)
  Target has insufficient space to its closest neighbors. Safe clickable space has a diameter of 16.8px instead of at least 24px."
https://imagic.nlm.nih.gov,success,landmark-one-main,Document does not have a main landmark.,One main landmark helps screen reader users navigate a web page. [Learn more about landmarks](https://dequeuniversity.com/rules/axe/4.11/landmark-one-main).,0,,html,"<html xmlns=""http://www.w3.org/1999/xhtml"" lang=""en-US"">",html,"Fix all of the following:
  Document does not have a main landmark"
https://ninds.nih.gov,success,,,,,,,,,
https://clint13.be-md.ncbi.nlm.nih.gov,success,,,,,,,,,
https://nida.nih.gov,success,heading-order,Heading elements are not in a sequentially-descending order,"Properly ordered headings that do not skip levels convey the semantic structure of the page, making it easier to navigate and understand when using assistive technologies. [Learn more about heading order](https://dequeuniversity.com/rules/axe/4.11/heading-order).",0,,div > div.block-card--inset > div.block-card-text > h3.card-heading,"<h3 class=""card-heading"">",NIDA Small Business Grants Support AI Startups,"Fix any of the following:
  Heading order invalid"
https://cdn.clinicaltrials.gov,success,,,,,,,,,
https://findingaids.nlm.nih.gov,success,landmark-one-main,Document does not have a main landmark.,One main landmark helps screen reader users navigate a web page. [Learn more about landmarks](https://dequeuniversity.com/rules/axe/4.11/landmark-one-main).,0,,html,"<html lang=""en"">",html,"Fix all of the following:
  Document does not have a main landmark"
https://nccih.nih.gov,success,color-contrast,Background and foreground colors do not have a sufficient contrast ratio.,Low-contrast text is difficult or impossible for many users to read. [Learn how to provide sufficient color contrast](https://dequeuniversity.com/rules/axe/4.11/color-contrast).,0,,div.prefix-overlay-inner > div#prefix-overlay-step1 > div.prefix-overlay-button-panel > button#prefix-dismissButton,"<button class=""prefix-overlay-action-dismiss"" id=""prefix-dismissButton"">",No Thanks,"Fix any of the following:
  Element has insufficient color contrast of 3.76 (foreground color: #3276b1, background color: #e5e3e3, font size: 9.0pt (12px), font weight: normal). Expected contrast ratio of 4.5:1"
https://nccih.nih.gov,success,color-contrast,Background and foreground colors do not have a sufficient contrast ratio.,Low-contrast text is difficult or impossible for many users to read. [Learn how to provide sufficient color contrast](https://dequeuniversity.com/rules/axe/4.11/color-contrast).,0,,div.prefix-overlay-inner > div#prefix-overlay-step1 > div.prefix-overlay-button-panel > button#prefix-laterButton,"<button class=""prefix-overlay-action-later"" id=""prefix-laterButton"">",Remind Me Later,"Fix any of the following:
  Element has insufficient color contrast of 3.76 (foreground color: #3276b1, background color: #e5e3e3, font size: 9.0pt (12px), font weight: normal). Expected contrast ratio of 4.5:1"
https://nccih.nih.gov,success,link-name,Links do not have a discernible name,"Link text (and alternate text for images, when used as links) that is discernible, unique, and focusable improves the navigation experience for screen reader users. [Learn how to make links accessible](https://dequeuniversity.com/rules/axe/4.11/link-name).",0,,div.row > div.ResearchhighlightsCol-module--thirdcol--cf301 > div.ResearchhighlightsCol-module--rhimg--91c08 > a,"<a href=""/research/research-results/new-study-advances-understanding-of-how-heat-an…"">",div.row > div.ResearchhighlightsCol-module--thirdcol--cf301 > div.ResearchhighlightsCol-module--rhimg--91c08 > a,"Fix all of the following:
  Element is in tab order and does not have accessible text

Fix any of the following:
  Element does not have text that is visible to screen readers
  aria-label attribute does not exist or is empty
  aria-labelledby attribute does not exist, references elements that do not exist or references elements that are empty
  Element has no title attribute"
https://nccih.nih.gov,success,link-name,Links do not have a discernible name,"Link text (and alternate text for images, when used as links) that is discernible, unique, and focusable improves the navigation experience for screen reader users. [Learn how to make links accessible](https://dequeuniversity.com/rules/axe/4.11/link-name).",0,,div.row > div.ResearchhighlightsCol-module--thirdcol--cf301 > div.ResearchhighlightsCol-module--rhimg--91c08 > a,"<a href=""/research/research-results/new-survey-shows-us-veterans-use-of-natural-pro…"">",div.row > div.ResearchhighlightsCol-module--thirdcol--cf301 > div.ResearchhighlightsCol-module--rhimg--91c08 > a,"Fix all of the following:
  Element is in tab order and does not have accessible text

Fix any of the following:
  Element does not have text that is visible to screen readers
  aria-label attribute does not exist or is empty
  aria-labelledby attribute does not exist, references elements that do not exist or references elements that are empty
  Element has no title attribute"
https://nccih.nih.gov,success,target-size,Touch targets do not have sufficient size or spacing.,Touch targets with sufficient size and spacing help users who may have difficulty targeting small controls to activate the targets. [Learn more about touch targets](https://dequeuniversity.com/rules/axe/4.11/target-size).,0,,ul.Footer-module--followul--13ae7 > li > span.offsite > a.ext,"<a href=""https://x.com/nih"" class=""ext"">",X,"Fix any of the following:
  Target has insufficient size (9.8px by 18px, should be at least 24px by 24px)
  Target has insufficient space to its closest neighbors. Safe clickable space has a diameter of 3.8px instead of at least 24px."
https://nccih.nih.gov,success,target-size,Touch targets do not have sufficient size or spacing.,Touch targets with sufficient size and spacing help users who may have difficulty targeting small controls to activate the targets. [Learn more about touch targets](https://dequeuniversity.com/rules/axe/4.11/target-size).,0,,ul.Footer-module--followul--13ae7 > li > span.offsite > a,"<a href=""/tools/privacy#nccih-linking-policy"" aria-label=""Link to External Link Policy"" aria-describedby=""linkOpenInNewTab"">",Link to External Link Policy,"Fix any of the following:
  Target has insufficient size (18px by 18px, should be at least 24px by 24px)
  Target has insufficient space to its closest neighbors. Safe clickable space has a diameter of 3.8px instead of at least 24px."
https://nccih.nih.gov,success,target-size,Touch targets do not have sufficient size or spacing.,Touch targets with sufficient size and spacing help users who may have difficulty targeting small controls to activate the targets. [Learn more about touch targets](https://dequeuniversity.com/rules/axe/4.11/target-size).,0,,ul.Footer-module--followul--13ae7 > li > span.offsite > a,"<a href=""/tools/privacy#nccih-linking-policy"" aria-label=""Link to External Link Policy"" aria-describedby=""linkOpenInNewTab"">",Link to External Link Policy,"Fix any of the following:
  Target has insufficient size (18px by 18px, should be at least 24px by 24px)
  Target has insufficient space to its closest neighbors. Safe clickable space has a diameter of 18px instead of at least 24px."
https://nccih.nih.gov,success,target-size,Touch targets do not have sufficient size or spacing.,Touch targets with sufficient size and spacing help users who may have difficulty targeting small controls to activate the targets. [Learn more about touch targets](https://dequeuniversity.com/rules/axe/4.11/target-size).,0,,ul.Footer-module--followul--13ae7 > li > span.offsite > a,"<a href=""/tools/privacy#nccih-linking-policy"" aria-label=""Link to External Link Policy"" aria-describedby=""linkOpenInNewTab"">",Link to External Link Policy,"Fix any of the following:
  Target has insufficient size (18px by 18px, should be at least 24px by 24px)
  Target has insufficient space to its closest neighbors. Safe clickable space has a diameter of 18px instead of at least 24px."
https://nccih.nih.gov,success,target-size,Touch targets do not have sufficient size or spacing.,Touch targets with sufficient size and spacing help users who may have difficulty targeting small controls to activate the targets. [Learn more about touch targets](https://dequeuniversity.com/rules/axe/4.11/target-size).,0,,div.tp20 > div.col > p.clear > a,"<a href=""/tools/privacy#nccih-linking-policy"" aria-label=""Link to External Link Policy"" aria-describedby=""linkOpenInNewTab"">",Link to External Link Policy,"Fix any of the following:
  Target has insufficient size (18px by 18px, should be at least 24px by 24px)
  Target has insufficient space to its closest neighbors. Safe clickable space has a diameter of 18px instead of at least 24px."
https://preview.ncbi.nlm.nih.gov,success,color-contrast,Background and foreground colors do not have a sufficient contrast ratio.,Low-contrast text is difficult or impossible for many users to read. [Learn how to provide sufficient color contrast](https://dequeuniversity.com/rules/axe/4.11/color-contrast).,0,,ul.rss_items > li#ui-ncbiexpander-2 > div.expanderWrapper > p.date,"<p class=""date"">",15 Apr 2026,"Fix any of the following:
  Element has insufficient color contrast of 3.54 (foreground color: #888888, background color: #ffffff, font size: 7.8pt (10.4px), font weight: normal). Expected contrast ratio of 4.5:1"
https://preview.ncbi.nlm.nih.gov,success,color-contrast,Background and foreground colors do not have a sufficient contrast ratio.,Low-contrast text is difficult or impossible for many users to read. [Learn how to provide sufficient color contrast](https://dequeuniversity.com/rules/axe/4.11/color-contrast).,0,,ul.rss_items > li#ui-ncbiexpander-2 > div.expanderWrapper > p.desc,"<p class=""desc"">",If you use NCBI’s MedGen then you probably know it is your one-stop-shop for ac…,"Fix any of the following:
  Element has insufficient color contrast of 4.47 (foreground color: #777777, background color: #ffffff, font size: 9.8pt (13px), font weight: normal). Expected contrast ratio of 4.5:1"
https://preview.ncbi.nlm.nih.gov,success,color-contrast,Background and foreground colors do not have a sufficient contrast ratio.,Low-contrast text is difficult or impossible for many users to read. [Learn how to provide sufficient color contrast](https://dequeuniversity.com/rules/axe/4.11/color-contrast).,0,,ul.rss_items > li#ui-ncbiexpander-3 > div.expanderWrapper > p.date,"<p class=""date"">",09 Apr 2026,"Fix any of the following:
  Element has insufficient color contrast of 3.54 (foreground color: #888888, background color: #ffffff, font size: 7.8pt (10.4px), font weight: normal). Expected contrast ratio of 4.5:1"
https://preview.ncbi.nlm.nih.gov,success,color-contrast,Background and foreground colors do not have a sufficient contrast ratio.,Low-contrast text is difficult or impossible for many users to read. [Learn how to provide sufficient color contrast](https://dequeuniversity.com/rules/axe/4.11/color-contrast).,0,,ul.rss_items > li#ui-ncbiexpander-3 > div.expanderWrapper > p.desc,"<p class=""desc"">",Download the updated bacterial and archaeal reference genome collection! We bui…,"Fix any of the following:
  Element has insufficient color contrast of 4.47 (foreground color: #777777, background color: #ffffff, font size: 9.8pt (13px), font weight: normal). Expected contrast ratio of 4.5:1"
https://preview.ncbi.nlm.nih.gov,success,color-contrast,Background and foreground colors do not have a sufficient contrast ratio.,Low-contrast text is difficult or impossible for many users to read. [Learn how to provide sufficient color contrast](https://dequeuniversity.com/rules/axe/4.11/color-contrast).,0,,ul.rss_items > li#ui-ncbiexpander-4 > div.expanderWrapper > p.date,"<p class=""date"">",26 Mar 2026,"Fix any of the following:
  Element has insufficient color contrast of 3.54 (foreground color: #888888, background color: #ffffff, font size: 7.8pt (10.4px), font weight: normal). Expected contrast ratio of 4.5:1"
https://preview.ncbi.nlm.nih.gov,success,target-size,Touch targets do not have sufficient size or spacing.,Touch targets with sufficient size and spacing help users who may have difficulty targeting small controls to activate the targets. [Learn more about touch targets](https://dequeuniversity.com/rules/axe/4.11/target-size).,0,,div.row > div.col-lg-3 > p > a.text-white,"<a href=""https://www.nlm.nih.gov/accessibility.html"" class=""text-white"">",Accessibility,"Fix any of the following:
  Target has insufficient size (77.3px by 15px, should be at least 24px by 24px)
  Target has insufficient space to its closest neighbors. Safe clickable space has a diameter of 23.8px instead of at least 24px."
https://preview.ncbi.nlm.nih.gov,success,target-size,Touch targets do not have sufficient size or spacing.,Touch targets with sufficient size and spacing help users who may have difficulty targeting small controls to activate the targets. [Learn more about touch targets](https://dequeuniversity.com/rules/axe/4.11/target-size).,0,,div.row > div.col-lg-3 > p > a.text-white,"<a href=""https://www.nlm.nih.gov/careers/careers.html"" class=""text-white"">",Careers,"Fix any of the following:
  Target has insufficient size (49.8px by 15px, should be at least 24px by 24px)
  Target has insufficient space to its closest neighbors. Safe clickable space has a diameter of 23.8px instead of at least 24px."
https://preview.ncbi.nlm.nih.gov,success,landmark-one-main,Document does not have a main landmark.,One main landmark helps screen reader users navigate a web page. [Learn more about landmarks](https://dequeuniversity.com/rules/axe/4.11/landmark-one-main).,0,,html,"<html lang=""en"">",html,"Fix all of the following:
  Document does not have a main landmark"
https://datadiscovery.nlm.nih.gov,success,color-contrast,Background and foreground colors do not have a sufficient contrast ratio.,Low-contrast text is difficult or impossible for many users to read. [Learn how to provide sufficient color contrast](https://dequeuniversity.com/rules/axe/4.11/color-contrast).,0,,div.links > ul.links-col > li > a.footer-link,"<a class=""footer-link"" style=""font-family:Open Sans;"" href=""http://www.nlm.nih.gov/"">",NLM,"Fix any of the following:
  Element has insufficient color contrast of 4.31 (foreground color: #ffffff, background color: #667b9a, font size: 10.5pt (14px), font weight: normal). Expected contrast ratio of 4.5:1"
https://datadiscovery.nlm.nih.gov,success,color-contrast,Background and foreground colors do not have a sufficient contrast ratio.,Low-contrast text is difficult or impossible for many users to read. [Learn how to provide sufficient color contrast](https://dequeuniversity.com/rules/axe/4.11/color-contrast).,0,,div.links > ul.links-col > li > a.footer-link,"<a class=""footer-link"" style=""font-family:Open Sans;"" href=""http://nih.gov/"">",NIH,"Fix any of the following:
  Element has insufficient color contrast of 4.31 (foreground color: #ffffff, background color: #667b9a, font size: 10.5pt (14px), font weight: normal). Expected contrast ratio of 4.5:1"
https://datadiscovery.nlm.nih.gov,success,color-contrast,Background and foreground colors do not have a sufficient contrast ratio.,Low-contrast text is difficult or impossible for many users to read. [Learn how to provide sufficient color contrast](https://dequeuniversity.com/rules/axe/4.11/color-contrast).,0,,div.links > ul.links-col > li > a.footer-link,"<a class=""footer-link"" style=""font-family:Open Sans;"" href=""http://www.hhs.gov/"">",HHS,"Fix any of the following:
  Element has insufficient color contrast of 4.31 (foreground color: #ffffff, background color: #667b9a, font size: 10.5pt (14px), font weight: normal). Expected contrast ratio of 4.5:1"
https://datadiscovery.nlm.nih.gov,success,color-contrast,Background and foreground colors do not have a sufficient contrast ratio.,Low-contrast text is difficult or impossible for many users to read. [Learn how to provide sufficient color contrast](https://dequeuniversity.com/rules/axe/4.11/color-contrast).,0,,div.links > ul.links-col > li > a.footer-link,"<a class=""footer-link"" style=""font-family:Open Sans;"" href=""https://www.nih.gov/institutes-nih/nih-office-director/office-communicatio…"">",FIOA,"Fix any of the following:
  Element has insufficient color contrast of 4.31 (foreground color: #ffffff, background color: #667b9a, font size: 10.5pt (14px), font weight: normal). Expected contrast ratio of 4.5:1"
https://datadiscovery.nlm.nih.gov,success,color-contrast,Background and foreground colors do not have a sufficient contrast ratio.,Low-contrast text is difficult or impossible for many users to read. [Learn how to provide sufficient color contrast](https://dequeuniversity.com/rules/axe/4.11/color-contrast).,0,,div.links > ul.links-col > li > a.footer-link,"<a class=""footer-link"" style=""font-family:Open Sans;"" href=""https://www.hhs.gov/vulnerability-disclosure-policy/index.html"">",HHS Vulnerability Disclosure,"Fix any of the following:
  Element has insufficient color contrast of 4.31 (foreground color: #ffffff, background color: #667b9a, font size: 10.5pt (14px), font weight: normal). Expected contrast ratio of 4.5:1"
https://datadiscovery.nlm.nih.gov,success,color-contrast,Background and foreground colors do not have a sufficient contrast ratio.,Low-contrast text is difficult or impossible for many users to read. [Learn how to provide sufficient color contrast](https://dequeuniversity.com/rules/axe/4.11/color-contrast).,0,,div.links > ul.links-col > li > a.footer-link,"<a class=""footer-link"" style=""font-family:Open Sans;"" href=""https://www.nlm.nih.gov/web_policies.html"">",Web Policies,"Fix any of the following:
  Element has insufficient color contrast of 4.31 (foreground color: #ffffff, background color: #667b9a, font size: 10.5pt (14px), font weight: normal). Expected contrast ratio of 4.5:1"
https://datadiscovery.nlm.nih.gov,success,color-contrast,Background and foreground colors do not have a sufficient contrast ratio.,Low-contrast text is difficult or impossible for many users to read. [Learn how to provide sufficient color contrast](https://dequeuniversity.com/rules/axe/4.11/color-contrast).,0,,div.links > ul.links-col > li > a.footer-link,"<a class=""footer-link"" style=""font-family:Open Sans;"" href=""http://www.nlm.nih.gov/accessibility.html"">",Accessibility,"Fix any of the following:
  Element has insufficient color contrast of 4.31 (foreground color: #ffffff, background color: #667b9a, font size: 10.5pt (14px), font weight: normal). Expected contrast ratio of 4.5:1"
https://datadiscovery.nlm.nih.gov,success,color-contrast,Background and foreground colors do not have a sufficient contrast ratio.,Low-contrast text is difficult or impossible for many users to read. [Learn how to provide sufficient color contrast](https://dequeuniversity.com/rules/axe/4.11/color-contrast).,0,,div.links > ul.links-col > li > a.footer-link,"<a class=""footer-link"" style=""font-family:Open Sans;"" href=""https://www.nlm.nih.gov/careers/careers.html"">",Careers,"Fix any of the following:
  Element has insufficient color contrast of 4.31 (foreground color: #ffffff, background color: #667b9a, font size: 10.5pt (14px), font weight: normal). Expected contrast ratio of 4.5:1"
https://datadiscovery.nlm.nih.gov,success,color-contrast,Background and foreground colors do not have a sufficient contrast ratio.,Low-contrast text is difficult or impossible for many users to read. [Learn how to provide sufficient color contrast](https://dequeuniversity.com/rules/axe/4.11/color-contrast).,0,,div.links > ul.links-col > li > a.footer-link,"<a class=""footer-link"" style=""font-family:Open Sans;"" href=""https://www.nlm.nih.gov/socialmedia/index.html"">",Connect with NLM,"Fix any of the following:
  Element has insufficient color contrast of 4.31 (foreground color: #ffffff, background color: #667b9a, font size: 10.5pt (14px), font weight: normal). Expected contrast ratio of 4.5:1"
https://datadiscovery.nlm.nih.gov,success,color-contrast,Background and foreground colors do not have a sufficient contrast ratio.,Low-contrast text is difficult or impossible for many users to read. [Learn how to provide sufficient color contrast](https://dequeuniversity.com/rules/axe/4.11/color-contrast).,0,,div.links > ul.links-col > li > a.footer-link,"<a class=""footer-link"" style=""font-family:Open Sans;"" href=""https://support.nlm.nih.gov/?from=https://datadiscovery.nlm.nih.gov"">",NLM Support Center,"Fix any of the following:
  Element has insufficient color contrast of 4.31 (foreground color: #ffffff, background color: #667b9a, font size: 10.5pt (14px), font weight: normal). Expected contrast ratio of 4.5:1"
https://datadiscovery.nlm.nih.gov,success,heading-order,Heading elements are not in a sequentially-descending order,"Properly ordered headings that do not skip levels convey the semantic structure of the page, making it easier to navigate and understand when using assistive technologies. [Learn more about heading order](https://dequeuniversity.com/rules/axe/4.11/heading-order).",0,,div.header-row > div.header-left-section > div.title-and-badges > h3.entry-name,"<h3 class=""entry-name forge-typography--heading4"" slot=""start"">",AccessGUDID,"Fix any of the following:
  Heading order invalid"
https://datadiscovery.nlm.nih.gov,success,link-in-text-block,Links rely on color to be distinguishable.,Low-contrast text is difficult or impossible for many users to read. Link text that is discernible improves the experience for users with low vision. [Learn how to make links distinguishable](https://dequeuniversity.com/rules/axe/4.11/link-in-text-block).,0,,div.browse3-header > div.catalog-description > p > a,"<a href=""https://www.nlm.nih.gov/databases/download/terms_and_conditions.html"">",NLM Terms and Conditions,"Fix any of the following:
  The link has insufficient color contrast of 2.47:1 with the surrounding text. (Minimum contrast is 3:1, link text: #1c6387, surrounding text: #202020)
  The link has no styling (such as underline) to distinguish it from the surrounding text"
https://documentation.uts.nlm.nih.gov,success,heading-order,Heading elements are not in a sequentially-descending order,"Properly ordered headings that do not skip levels convey the semantic structure of the page, making it easier to navigate and understand when using assistive technologies. [Learn more about heading order](https://dequeuniversity.com/rules/axe/4.11/heading-order).",0,,body > div.container-fluid > div.container > h3,<h3>,Endpoints to search and retrieve UMLS content,"Fix any of the following:
  Heading order invalid"
https://documentation.uts.nlm.nih.gov,success,target-size,Touch targets do not have sufficient size or spacing.,Touch targets with sufficient size and spacing help users who may have difficulty targeting small controls to activate the targets. [Learn more about touch targets](https://dequeuniversity.com/rules/axe/4.11/target-size).,0,,div.row > div.col-md-3 > p > a#anch_455,"<a href=""https://www.nlm.nih.gov/web_policies.html"" class=""text-white"" id=""anch_455"">",Web Policies,"Fix any of the following:
  Target has insufficient size (65.7px by 14px, should be at least 24px by 24px)
  Target has insufficient space to its closest neighbors. Safe clickable space has a diameter of 20.6px instead of at least 24px."
https://documentation.uts.nlm.nih.gov,success,target-size,Touch targets do not have sufficient size or spacing.,Touch targets with sufficient size and spacing help users who may have difficulty targeting small controls to activate the targets. [Learn more about touch targets](https://dequeuniversity.com/rules/axe/4.11/target-size).,0,,div.row > div.col-md-3 > p > a#anch_456,"<a href=""https://www.nih.gov/institutes-nih/nih-office-director/office-communicatio…"" class=""text-white"" id=""anch_456"">",FOIA,"Fix any of the following:
  Target has insufficient size (25px by 14px, should be at least 24px by 24px)
  Target has insufficient space to its closest neighbors. Safe clickable space has a diameter of 20.6px instead of at least 24px."
https://documentation.uts.nlm.nih.gov,success,target-size,Touch targets do not have sufficient size or spacing.,Touch targets with sufficient size and spacing help users who may have difficulty targeting small controls to activate the targets. [Learn more about touch targets](https://dequeuniversity.com/rules/axe/4.11/target-size).,0,,div.row > div.col-md-3 > p > a#anch_458,"<a class=""supportLink text-white"" href=""//support.nlm.nih.gov?from=https://documentation.uts.nlm.nih.gov/"" id=""anch_458"">",NLM Support Center,"Fix any of the following:
  Target has insufficient size (104.6px by 14px, should be at least 24px by 24px)
  Target has insufficient space to its closest neighbors. Safe clickable space has a diameter of 20.6px instead of at least 24px."
https://documentation.uts.nlm.nih.gov,success,target-size,Touch targets do not have sufficient size or spacing.,Touch targets with sufficient size and spacing help users who may have difficulty targeting small controls to activate the targets. [Learn more about touch targets](https://dequeuniversity.com/rules/axe/4.11/target-size).,0,,div.row > div.col-md-3 > p > a#anch_459,"<a href=""https://www.nlm.nih.gov/accessibility.html"" class=""text-white"" id=""anch_459"">",Accessibility,"Fix any of the following:
  Target has insufficient size (64.5px by 14px, should be at least 24px by 24px)
  Target has insufficient space to its closest neighbors. Safe clickable space has a diameter of 18.6px instead of at least 24px."
https://documentation.uts.nlm.nih.gov,success,target-size,Touch targets do not have sufficient size or spacing.,Touch targets with sufficient size and spacing help users who may have difficulty targeting small controls to activate the targets. [Learn more about touch targets](https://dequeuniversity.com/rules/axe/4.11/target-size).,0,,div.row > div.col-md-3 > p > a#anch_460,"<a href=""https://www.nlm.nih.gov/careers/jobopenings.html"" class=""text-white"" id=""anch_460"">",Careers,"Fix any of the following:
  Target has insufficient size (39.6px by 14px, should be at least 24px by 24px)
  Target has insufficient space to its closest neighbors. Safe clickable space has a diameter of 18.6px instead of at least 24px."
https://documentation.uts.nlm.nih.gov,success,landmark-one-main,Document does not have a main landmark.,One main landmark helps screen reader users navigate a web page. [Learn more about landmarks](https://dequeuniversity.com/rules/axe/4.11/landmark-one-main).,0,,html,"<html lang=""en"">",html,"Fix all of the following:
  Document does not have a main landmark"
https://nia.nih.gov,success,heading-order,Heading elements are not in a sequentially-descending order,"Properly ordered headings that do not skip levels convey the semantic structure of the page, making it easier to navigate and understand when using assistive technologies. [Learn more about heading order](https://dequeuniversity.com/rules/axe/4.11/heading-order).",0,,div.usa-card > div.usa-card__container > div.usa-card__header > h3.usa-card__heading,"<h3 class=""usa-card__heading"">",Funding Opportunities,"Fix any of the following:
  Heading order invalid"
https://grants.nih.gov,success,heading-order,Heading elements are not in a sequentially-descending order,"Properly ordered headings that do not skip levels convey the semantic structure of the page, making it easier to navigate and understand when using assistive technologies. [Learn more about heading order](https://dequeuniversity.com/rules/axe/4.11/heading-order).",0,,div.region > div#block-nihod5-subtheme-featuredeventannouncementhomepage > div.clearfix > h3,<h3>,Announcements,"Fix any of the following:
  Heading order invalid"
https://grants.nih.gov,success,heading-order,Heading elements are not in a sequentially-descending order,"Properly ordered headings that do not skip levels convey the semantic structure of the page, making it easier to navigate and understand when using assistive technologies. [Learn more about heading order](https://dequeuniversity.com/rules/axe/4.11/heading-order).",0,,div.row > div.col-8 > div.card-body > h5.card-title,"<h5 class=""card-title"">","So, I’m Interested in a Highlighted Topic…What Do I Do Now?","Fix any of the following:
  Heading order invalid"
https://clinicaltables.nlm.nih.gov,success,aria-prohibited-attr,Elements use prohibited ARIA attributes,Using ARIA attributes in roles where they are prohibited can mean that important information is not communicated to users of assistive technologies. [Learn more about prohibited ARIA roles](https://dequeuniversity.com/rules/axe/4.11/aria-prohibited-attr).,0,,svg > g > g > a,"<a xlink:href=""https://www.nih.gov"" target=""_parent"" tabindex=""0"" aria-label=""NIH logo chevron"">",NIH logo chevron,"Fix all of the following:
  aria-label attribute cannot be used on a a with no valid role attribute."
https://clinicaltables.nlm.nih.gov,success,aria-prohibited-attr,Elements use prohibited ARIA attributes,Using ARIA attributes in roles where they are prohibited can mean that important information is not communicated to users of assistive technologies. [Learn more about prohibited ARIA roles](https://dequeuniversity.com/rules/axe/4.11/aria-prohibited-attr).,0,,svg > g > g > a,"<a xlink:href=""https://www.nlm.nih.gov"" target=""_parent"" tabindex=""0"" aria-label=""portion of logo that reads National Library of Medicine"">",portion of logo that reads National Library of Medicine,"Fix all of the following:
  aria-label attribute cannot be used on a a with no valid role attribute."
https://clinicaltables.nlm.nih.gov,success,aria-prohibited-attr,Elements use prohibited ARIA attributes,Using ARIA attributes in roles where they are prohibited can mean that important information is not communicated to users of assistive technologies. [Learn more about prohibited ARIA roles](https://dequeuniversity.com/rules/axe/4.11/aria-prohibited-attr).,0,,svg > g > g > a,"<a xlink:href=""https://lhncbc.nlm.nih.gov"" target=""_parent"" tabindex=""0"" aria-label=""portion of logo that reads Lister Hill National Center for Biomedical Comm…"">",portion of logo that reads Lister Hill National Center for Biomedical Communica…,"Fix all of the following:
  aria-label attribute cannot be used on a a with no valid role attribute."
https://clinicaltables.nlm.nih.gov,success,html-has-lang,`<html>` element does not have a `[lang]` attribute,"If a page doesn't specify a `lang` attribute, a screen reader assumes that the page is in the default language that the user chose when setting up the screen reader. If the page isn't actually in the default language, then the screen reader might not announce the page's text correctly. [Learn more about the `lang` attribute](https://dequeuniversity.com/rules/axe/4.11/html-has-lang).",0,,html,<html>,html,"Fix any of the following:
  The <html> element does not have a lang attribute"
https://clinicaltables.nlm.nih.gov,success,link-in-text-block,Links rely on color to be distinguishable.,Low-contrast text is difficult or impossible for many users to read. Link text that is discernible improves the experience for users with low vision. [Learn how to make links distinguishable](https://dequeuniversity.com/rules/axe/4.11/link-in-text-block).,0,,body > div#content > p > a.intro_link,"<a class=""intro_link"" href=""http://lhncbc.github.io/autocomplete-lhc/"">",form field autocompletion package,"Fix any of the following:
  The link has insufficient color contrast of 2.44:1 with the surrounding text. (Minimum contrast is 3:1, link text: #0000ff, surrounding text: #000000)
  The link has no styling (such as underline) to distinguish it from the surrounding text"
https://clinicaltables.nlm.nih.gov,success,link-in-text-block,Links rely on color to be distinguishable.,Low-contrast text is difficult or impossible for many users to read. Link text that is discernible improves the experience for users with low vision. [Learn how to make links distinguishable](https://dequeuniversity.com/rules/axe/4.11/link-in-text-block).,0,,body > div#content > p > a.intro_link,"<a class=""intro_link"" href=""/fhir.html"">",FHIR® APIs,"Fix any of the following:
  The link has insufficient color contrast of 2.44:1 with the surrounding text. (Minimum contrast is 3:1, link text: #0000ff, surrounding text: #000000)
  The link has no styling (such as underline) to distinguish it from the surrounding text"
https://clinicaltables.nlm.nih.gov,success,link-in-text-block,Links rely on color to be distinguishable.,Low-contrast text is difficult or impossible for many users to read. Link text that is discernible improves the experience for users with low vision. [Learn how to make links distinguishable](https://dequeuniversity.com/rules/axe/4.11/link-in-text-block).,0,,body > div#content > p > a.intro_link,"<a class=""intro_link"" href=""/about.html"">",overview,"Fix any of the following:
  The link has insufficient color contrast of 2.44:1 with the surrounding text. (Minimum contrast is 3:1, link text: #0000ff, surrounding text: #000000)
  The link has no styling (such as underline) to distinguish it from the surrounding text"
https://clinicaltables.nlm.nih.gov,success,link-in-text-block,Links rely on color to be distinguishable.,Low-contrast text is difficult or impossible for many users to read. Link text that is discernible improves the experience for users with low vision. [Learn how to make links distinguishable](https://dequeuniversity.com/rules/axe/4.11/link-in-text-block).,0,,body > div#content > p > a.intro_link,"<a class=""intro_link"" href=""./faq.html"">",FAQ,"Fix any of the following:
  The link has insufficient color contrast of 2.44:1 with the surrounding text. (Minimum contrast is 3:1, link text: #0000ff, surrounding text: #000000)
  The link has no styling (such as underline) to distinguish it from the surrounding text"
https://clinicaltables.nlm.nih.gov,success,link-in-text-block,Links rely on color to be distinguishable.,Low-contrast text is difficult or impossible for many users to read. Link text that is discernible improves the experience for users with low vision. [Learn how to make links distinguishable](https://dequeuniversity.com/rules/axe/4.11/link-in-text-block).,0,,body > div#content > p > a.intro_link,"<a class=""intro_link"" href=""https://support.nlm.nih.gov/support/create-case/?from=https://clinicaltabl…"">",contact us,"Fix any of the following:
  The link has insufficient color contrast of 2.44:1 with the surrounding text. (Minimum contrast is 3:1, link text: #0000ff, surrounding text: #000000)
  The link has no styling (such as underline) to distinguish it from the surrounding text"
https://clinicaltables.nlm.nih.gov,success,link-in-text-block,Links rely on color to be distinguishable.,Low-contrast text is difficult or impossible for many users to read. Link text that is discernible improves the experience for users with low vision. [Learn how to make links distinguishable](https://dequeuniversity.com/rules/axe/4.11/link-in-text-block).,0,,body > div#content > p > a.intro_link,"<a class=""intro_link"" href=""./faq.html#annoucements"">",annoucements,"Fix any of the following:
  The link has insufficient color contrast of 2.44:1 with the surrounding text. (Minimum contrast is 3:1, link text: #0000ff, surrounding text: #000000)
  The link has no styling (such as underline) to distinguish it from the surrounding text"
https://clinicaltables.nlm.nih.gov,success,link-in-text-block,Links rely on color to be distinguishable.,Low-contrast text is difficult or impossible for many users to read. Link text that is discernible improves the experience for users with low vision. [Learn how to make links distinguishable](https://dequeuniversity.com/rules/axe/4.11/link-in-text-block).,0,,tbody > tr > td > a,"<a href=""https://www.cms.gov/Medicare/Coding/HCPCSReleaseCodeSets/Alpha-Numeric-HCP…"">",CMS,"Fix any of the following:
  The link has insufficient color contrast of 2.44:1 with the surrounding text. (Minimum contrast is 3:1, link text: #0000ff, surrounding text: #000000)
  The link has no styling (such as underline) to distinguish it from the surrounding text"
https://clinicaltables.nlm.nih.gov,success,link-in-text-block,Links rely on color to be distinguishable.,Low-contrast text is difficult or impossible for many users to read. Link text that is discernible improves the experience for users with low vision. [Learn how to make links distinguishable](https://dequeuniversity.com/rules/axe/4.11/link-in-text-block).,0,,tbody > tr > td > a,"<a href=""https://www.cdc.gov/nchs/icd/icd-10-cm.htm"">",CDC,"Fix any of the following:
  The link has insufficient color contrast of 2.44:1 with the surrounding text. (Minimum contrast is 3:1, link text: #0000ff, surrounding text: #000000)
  The link has no styling (such as underline) to distinguish it from the surrounding text"
https://clinicaltables.nlm.nih.gov,success,link-in-text-block,Links rely on color to be distinguishable.,Low-contrast text is difficult or impossible for many users to read. Link text that is discernible improves the experience for users with low vision. [Learn how to make links distinguishable](https://dequeuniversity.com/rules/axe/4.11/link-in-text-block).,0,,tbody > tr > td > a,"<a href=""https://icd.who.int/en"">",WHO,"Fix any of the following:
  The link has insufficient color contrast of 2.44:1 with the surrounding text. (Minimum contrast is 3:1, link text: #0000ff, surrounding text: #000000)
  The link has no styling (such as underline) to distinguish it from the surrounding text"
https://clinicaltables.nlm.nih.gov,success,link-in-text-block,Links rely on color to be distinguishable.,Low-contrast text is difficult or impossible for many users to read. Link text that is discernible improves the experience for users with low vision. [Learn how to make links distinguishable](https://dequeuniversity.com/rules/axe/4.11/link-in-text-block).,0,,tbody > tr > td > a,"<a href=""https://www.cms.gov/Medicare/Coding/ICD9ProviderDiagnosticCodes/codes.html"">",CMS,"Fix any of the following:
  The link has insufficient color contrast of 2.44:1 with the surrounding text. (Minimum contrast is 3:1, link text: #0000ff, surrounding text: #000000)
  The link has no styling (such as underline) to distinguish it from the surrounding text"
https://clinicaltables.nlm.nih.gov,success,link-in-text-block,Links rely on color to be distinguishable.,Low-contrast text is difficult or impossible for many users to read. Link text that is discernible improves the experience for users with low vision. [Learn how to make links distinguishable](https://dequeuniversity.com/rules/axe/4.11/link-in-text-block).,0,,tbody > tr > td > a,"<a href=""https://www.cms.gov/Medicare/Coding/ICD9ProviderDiagnosticCodes/codes.html"">",CMS,"Fix any of the following:
  The link has insufficient color contrast of 2.44:1 with the surrounding text. (Minimum contrast is 3:1, link text: #0000ff, surrounding text: #000000)
  The link has no styling (such as underline) to distinguish it from the surrounding text"
https://clinicaltables.nlm.nih.gov,success,link-in-text-block,Links rely on color to be distinguishable.,Low-contrast text is difficult or impossible for many users to read. Link text that is discernible improves the experience for users with low vision. [Learn how to make links distinguishable](https://dequeuniversity.com/rules/axe/4.11/link-in-text-block).,0,,tbody > tr > td > a,"<a href=""http://loinc.org"">",LOINC,"Fix any of the following:
  The link has insufficient color contrast of 2.44:1 with the surrounding text. (Minimum contrast is 3:1, link text: #0000ff, surrounding text: #000000)
  The link has no styling (such as underline) to distinguish it from the surrounding text"
https://clinicaltables.nlm.nih.gov,success,link-in-text-block,Links rely on color to be distinguishable.,Low-contrast text is difficult or impossible for many users to read. Link text that is discernible improves the experience for users with low vision. [Learn how to make links distinguishable](https://dequeuniversity.com/rules/axe/4.11/link-in-text-block).,0,,tbody > tr > td > a,"<a href=""http://loinc.org/terms-of-use"">",Terms of Use,"Fix any of the following:
  The link has insufficient color contrast of 2.44:1 with the surrounding text. (Minimum contrast is 3:1, link text: #0000ff, surrounding text: #000000)
  The link has no styling (such as underline) to distinguish it from the surrounding text"
https://clinicaltables.nlm.nih.gov,success,link-in-text-block,Links rely on color to be distinguishable.,Low-contrast text is difficult or impossible for many users to read. Link text that is discernible improves the experience for users with low vision. [Learn how to make links distinguishable](https://dequeuniversity.com/rules/axe/4.11/link-in-text-block).,0,,tbody > tr > td > a,"<a href=""/apidoc/loinc/v3/doc.html#copyright"">",copyrights,"Fix any of the following:
  The link has insufficient color contrast of 2.44:1 with the surrounding text. (Minimum contrast is 3:1, link text: #0000ff, surrounding text: #000000)
  The link has no styling (such as underline) to distinguish it from the surrounding text"
https://clinicaltables.nlm.nih.gov,success,link-in-text-block,Links rely on color to be distinguishable.,Low-contrast text is difficult or impossible for many users to read. Link text that is discernible improves the experience for users with low vision. [Learn how to make links distinguishable](https://dequeuniversity.com/rules/axe/4.11/link-in-text-block).,0,,tbody > tr > td > a,"<a href=""https://lhcforms.nlm.nih.gov"">",LHC-Forms,"Fix any of the following:
  The link has insufficient color contrast of 2.44:1 with the surrounding text. (Minimum contrast is 3:1, link text: #0000ff, surrounding text: #000000)
  The link has no styling (such as underline) to distinguish it from the surrounding text"
https://clinicaltables.nlm.nih.gov,success,link-in-text-block,Links rely on color to be distinguishable.,Low-contrast text is difficult or impossible for many users to read. Link text that is discernible improves the experience for users with low vision. [Learn how to make links distinguishable](https://dequeuniversity.com/rules/axe/4.11/link-in-text-block).,0,,tbody > tr > td > a,"<a href=""https://phr-demo.nlm.nih.gov/"">",NLM PHR,"Fix any of the following:
  The link has insufficient color contrast of 2.44:1 with the surrounding text. (Minimum contrast is 3:1, link text: #0000ff, surrounding text: #000000)
  The link has no styling (such as underline) to distinguish it from the surrounding text"
https://clinicaltables.nlm.nih.gov,success,link-in-text-block,Links rely on color to be distinguishable.,Low-contrast text is difficult or impossible for many users to read. Link text that is discernible improves the experience for users with low vision. [Learn how to make links distinguishable](https://dequeuniversity.com/rules/axe/4.11/link-in-text-block).,0,,tbody > tr > td > a,"<a href=""https://www.regenstrief.org/"">",Regenstrief Institute,"Fix any of the following:
  The link has insufficient color contrast of 2.44:1 with the surrounding text. (Minimum contrast is 3:1, link text: #0000ff, surrounding text: #000000)
  The link has no styling (such as underline) to distinguish it from the surrounding text"
https://clinicaltables.nlm.nih.gov,success,link-in-text-block,Links rely on color to be distinguishable.,Low-contrast text is difficult or impossible for many users to read. Link text that is discernible improves the experience for users with low vision. [Learn how to make links distinguishable](https://dequeuniversity.com/rules/axe/4.11/link-in-text-block).,0,,tbody > tr > td > a,"<a href=""/ctss-downloads/cond_proc_download-2025-10-01.json.zip"">",here,"Fix any of the following:
  The link has insufficient color contrast of 2.44:1 with the surrounding text. (Minimum contrast is 3:1, link text: #0000ff, surrounding text: #000000)
  The link has no styling (such as underline) to distinguish it from the surrounding text"
https://clinicaltables.nlm.nih.gov,success,link-in-text-block,Links rely on color to be distinguishable.,Low-contrast text is difficult or impossible for many users to read. Link text that is discernible improves the experience for users with low vision. [Learn how to make links distinguishable](https://dequeuniversity.com/rules/axe/4.11/link-in-text-block).,0,,tbody > tr > td > a,"<a href=""https://phr-demo.nlm.nih.gov/"">",NLM PHR,"Fix any of the following:
  The link has insufficient color contrast of 2.44:1 with the surrounding text. (Minimum contrast is 3:1, link text: #0000ff, surrounding text: #000000)
  The link has no styling (such as underline) to distinguish it from the surrounding text"
https://clinicaltables.nlm.nih.gov,success,link-in-text-block,Links rely on color to be distinguishable.,Low-contrast text is difficult or impossible for many users to read. Link text that is discernible improves the experience for users with low vision. [Learn how to make links distinguishable](https://dequeuniversity.com/rules/axe/4.11/link-in-text-block).,0,,tbody > tr > td > a,"<a href=""https://www.regenstrief.org/"">",Regenstrief Institute,"Fix any of the following:
  The link has insufficient color contrast of 2.44:1 with the surrounding text. (Minimum contrast is 3:1, link text: #0000ff, surrounding text: #000000)
  The link has no styling (such as underline) to distinguish it from the surrounding text"
https://clinicaltables.nlm.nih.gov,success,link-in-text-block,Links rely on color to be distinguishable.,Low-contrast text is difficult or impossible for many users to read. Link text that is discernible improves the experience for users with low vision. [Learn how to make links distinguishable](https://dequeuniversity.com/rules/axe/4.11/link-in-text-block).,0,,tbody > tr > td > a,"<a href=""/ctss-downloads/cond_proc_download-2025-10-01.json.zip"">",here,"Fix any of the following:
  The link has insufficient color contrast of 2.44:1 with the surrounding text. (Minimum contrast is 3:1, link text: #0000ff, surrounding text: #000000)
  The link has no styling (such as underline) to distinguish it from the surrounding text"
https://clinicaltables.nlm.nih.gov,success,link-in-text-block,Links rely on color to be distinguishable.,Low-contrast text is difficult or impossible for many users to read. Link text that is discernible improves the experience for users with low vision. [Learn how to make links distinguishable](https://dequeuniversity.com/rules/axe/4.11/link-in-text-block).,0,,tbody > tr > td > a,"<a href=""https://www.cms.gov/Regulations-and-Guidance/Administrative-Simplification…"">",CMS,"Fix any of the following:
  The link has insufficient color contrast of 2.44:1 with the surrounding text. (Minimum contrast is 3:1, link text: #0000ff, surrounding text: #000000)
  The link has no styling (such as underline) to distinguish it from the surrounding text"
https://clinicaltables.nlm.nih.gov,success,link-in-text-block,Links rely on color to be distinguishable.,Low-contrast text is difficult or impossible for many users to read. Link text that is discernible improves the experience for users with low vision. [Learn how to make links distinguishable](https://dequeuniversity.com/rules/axe/4.11/link-in-text-block).,0,,tbody > tr > td > a,"<a href=""https://www.cms.gov/Regulations-and-Guidance/Administrative-Simplification…"">",CMS,"Fix any of the following:
  The link has insufficient color contrast of 2.44:1 with the surrounding text. (Minimum contrast is 3:1, link text: #0000ff, surrounding text: #000000)
  The link has no styling (such as underline) to distinguish it from the surrounding text"
https://clinicaltables.nlm.nih.gov,success,link-in-text-block,Links rely on color to be distinguishable.,Low-contrast text is difficult or impossible for many users to read. Link text that is discernible improves the experience for users with low vision. [Learn how to make links distinguishable](https://dequeuniversity.com/rules/axe/4.11/link-in-text-block).,0,,tbody > tr > td > a,"<a href=""https://ucum.org"">",UCUM,"Fix any of the following:
  The link has insufficient color contrast of 2.44:1 with the surrounding text. (Minimum contrast is 3:1, link text: #0000ff, surrounding text: #000000)
  The link has no styling (such as underline) to distinguish it from the surrounding text"
https://clinicaltables.nlm.nih.gov,success,link-in-text-block,Links rely on color to be distinguishable.,Low-contrast text is difficult or impossible for many users to read. Link text that is discernible improves the experience for users with low vision. [Learn how to make links distinguishable](https://dequeuniversity.com/rules/axe/4.11/link-in-text-block).,0,,tbody > tr > td > a,"<a href=""https://ucum.org/license"">",license,"Fix any of the following:
  The link has insufficient color contrast of 2.44:1 with the surrounding text. (Minimum contrast is 3:1, link text: #0000ff, surrounding text: #000000)
  The link has no styling (such as underline) to distinguish it from the surrounding text"
https://clinicaltables.nlm.nih.gov,success,link-in-text-block,Links rely on color to be distinguishable.,Low-contrast text is difficult or impossible for many users to read. Link text that is discernible improves the experience for users with low vision. [Learn how to make links distinguishable](https://dequeuniversity.com/rules/axe/4.11/link-in-text-block).,0,,tbody > tr > td > a,"<a href=""http://www.ncbi.nlm.nih.gov/clinvar/"">",ClinVar,"Fix any of the following:
  The link has insufficient color contrast of 2.44:1 with the surrounding text. (Minimum contrast is 3:1, link text: #0000ff, surrounding text: #000000)
  The link has no styling (such as underline) to distinguish it from the surrounding text"
https://clinicaltables.nlm.nih.gov,success,link-in-text-block,Links rely on color to be distinguishable.,Low-contrast text is difficult or impossible for many users to read. Link text that is discernible improves the experience for users with low vision. [Learn how to make links distinguishable](https://dequeuniversity.com/rules/axe/4.11/link-in-text-block).,0,,tbody > tr > td > a,"<a href=""http://grch37-cancer.sanger.ac.uk/cosmic"">",COSMIC,"Fix any of the following:
  The link has insufficient color contrast of 2.44:1 with the surrounding text. (Minimum contrast is 3:1, link text: #0000ff, surrounding text: #000000)
  The link has no styling (such as underline) to distinguish it from the surrounding text"
https://clinicaltables.nlm.nih.gov,success,link-in-text-block,Links rely on color to be distinguishable.,Low-contrast text is difficult or impossible for many users to read. Link text that is discernible improves the experience for users with low vision. [Learn how to make links distinguishable](https://dequeuniversity.com/rules/axe/4.11/link-in-text-block).,0,,tbody > tr > td > a,"<a href=""http://grch37-cancer.sanger.ac.uk/cosmic/license"">",COSMIC's license page,"Fix any of the following:
  The link has insufficient color contrast of 2.44:1 with the surrounding text. (Minimum contrast is 3:1, link text: #0000ff, surrounding text: #000000)
  The link has no styling (such as underline) to distinguish it from the surrounding text"
https://clinicaltables.nlm.nih.gov,success,link-in-text-block,Links rely on color to be distinguishable.,Low-contrast text is difficult or impossible for many users to read. Link text that is discernible improves the experience for users with low vision. [Learn how to make links distinguishable](https://dequeuniversity.com/rules/axe/4.11/link-in-text-block).,0,,tbody > tr > td > a,"<a href=""http://grch37-cancer.sanger.ac.uk/cosmic"">",COSMIC,"Fix any of the following:
  The link has insufficient color contrast of 2.44:1 with the surrounding text. (Minimum contrast is 3:1, link text: #0000ff, surrounding text: #000000)
  The link has no styling (such as underline) to distinguish it from the surrounding text"
https://clinicaltables.nlm.nih.gov,success,link-in-text-block,Links rely on color to be distinguishable.,Low-contrast text is difficult or impossible for many users to read. Link text that is discernible improves the experience for users with low vision. [Learn how to make links distinguishable](https://dequeuniversity.com/rules/axe/4.11/link-in-text-block).,0,,tbody > tr > td > a,"<a href=""http://grch37-cancer.sanger.ac.uk/cosmic/license"">",COSMIC's license page,"Fix any of the following:
  The link has insufficient color contrast of 2.44:1 with the surrounding text. (Minimum contrast is 3:1, link text: #0000ff, surrounding text: #000000)
  The link has no styling (such as underline) to distinguish it from the surrounding text"
https://clinicaltables.nlm.nih.gov,success,link-in-text-block,Links rely on color to be distinguishable.,Low-contrast text is difficult or impossible for many users to read. Link text that is discernible improves the experience for users with low vision. [Learn how to make links distinguishable](https://dequeuniversity.com/rules/axe/4.11/link-in-text-block).,0,,tbody > tr > td > a,"<a href=""http://www.ncbi.nlm.nih.gov/dbvar/"">",dbVar,"Fix any of the following:
  The link has insufficient color contrast of 2.44:1 with the surrounding text. (Minimum contrast is 3:1, link text: #0000ff, surrounding text: #000000)
  The link has no styling (such as underline) to distinguish it from the surrounding text"
https://clinicaltables.nlm.nih.gov,success,link-in-text-block,Links rely on color to be distinguishable.,Low-contrast text is difficult or impossible for many users to read. Link text that is discernible improves the experience for users with low vision. [Learn how to make links distinguishable](https://dequeuniversity.com/rules/axe/4.11/link-in-text-block).,0,,tbody > tr > td > a,"<a href=""http://www.ncbi.nlm.nih.gov/clinvar/"">",ClinVar,"Fix any of the following:
  The link has insufficient color contrast of 2.44:1 with the surrounding text. (Minimum contrast is 3:1, link text: #0000ff, surrounding text: #000000)
  The link has no styling (such as underline) to distinguish it from the surrounding text"
https://clinicaltables.nlm.nih.gov,success,link-in-text-block,Links rely on color to be distinguishable.,Low-contrast text is difficult or impossible for many users to read. Link text that is discernible improves the experience for users with low vision. [Learn how to make links distinguishable](https://dequeuniversity.com/rules/axe/4.11/link-in-text-block).,0,,tbody > tr > td > a,"<a href=""http://www.ncbi.nlm.nih.gov/SNP/"">",dbSNP,"Fix any of the following:
  The link has insufficient color contrast of 2.44:1 with the surrounding text. (Minimum contrast is 3:1, link text: #0000ff, surrounding text: #000000)
  The link has no styling (such as underline) to distinguish it from the surrounding text"
https://clinicaltables.nlm.nih.gov,success,link-in-text-block,Links rely on color to be distinguishable.,Low-contrast text is difficult or impossible for many users to read. Link text that is discernible improves the experience for users with low vision. [Learn how to make links distinguishable](https://dequeuniversity.com/rules/axe/4.11/link-in-text-block).,0,,body > div#content > div#version > a,"<a href=""CHANGELOG_for_users.html"">",changes,"Fix any of the following:
  The link has insufficient color contrast of 2.44:1 with the surrounding text. (Minimum contrast is 3:1, link text: #0000ff, surrounding text: #000000)
  The link has no styling (such as underline) to distinguish it from the surrounding text"
https://clinicaltables.nlm.nih.gov,success,target-size,Touch targets do not have sufficient size or spacing.,Touch targets with sufficient size and spacing help users who may have difficulty targeting small controls to activate the targets. [Learn more about touch targets](https://dequeuniversity.com/rules/axe/4.11/target-size).,0,,div.acim_container > div.acim_links_container > form > button.link,"<button type=""submit"" class=""link"">",Source code,"Fix any of the following:
  Target has insufficient size (78.6px by 16px, should be at least 24px by 24px)
  Target has insufficient space to its closest neighbors. Safe clickable space has a diameter of 16px instead of at least 24px."
https://clinicaltables.nlm.nih.gov,success,target-size,Touch targets do not have sufficient size or spacing.,Touch targets with sufficient size and spacing help users who may have difficulty targeting small controls to activate the targets. [Learn more about touch targets](https://dequeuniversity.com/rules/axe/4.11/target-size).,0,,div.acim_container > div.acim_links_container > div.acim_customize > a,"<a href=""/demo.html?db=hcpcs"">",Customize,"Fix any of the following:
  Target has insufficient size (66.1px by 16px, should be at least 24px by 24px)
  Target has insufficient space to its closest neighbors. Safe clickable space has a diameter of 16px instead of at least 24px."
https://clinicaltables.nlm.nih.gov,success,target-size,Touch targets do not have sufficient size or spacing.,Touch targets with sufficient size and spacing help users who may have difficulty targeting small controls to activate the targets. [Learn more about touch targets](https://dequeuniversity.com/rules/axe/4.11/target-size).,0,,div.acim_container > div.acim_links_container > form > button.link,"<button type=""submit"" class=""link"">",Source code,"Fix any of the following:
  Target has insufficient size (78.6px by 16px, should be at least 24px by 24px)
  Target has insufficient space to its closest neighbors. Safe clickable space has a diameter of 16px instead of at least 24px."
https://clinicaltables.nlm.nih.gov,success,target-size,Touch targets do not have sufficient size or spacing.,Touch targets with sufficient size and spacing help users who may have difficulty targeting small controls to activate the targets. [Learn more about touch targets](https://dequeuniversity.com/rules/axe/4.11/target-size).,0,,div.acim_container > div.acim_links_container > div.acim_customize > a,"<a href=""/demo.html?db=hpo"">",Customize,"Fix any of the following:
  Target has insufficient size (66.1px by 16px, should be at least 24px by 24px)
  Target has insufficient space to its closest neighbors. Safe clickable space has a diameter of 16px instead of at least 24px."
https://clinicaltables.nlm.nih.gov,success,target-size,Touch targets do not have sufficient size or spacing.,Touch targets with sufficient size and spacing help users who may have difficulty targeting small controls to activate the targets. [Learn more about touch targets](https://dequeuniversity.com/rules/axe/4.11/target-size).,0,,div.acim_container > div.acim_links_container > form > button.link,"<button type=""submit"" class=""link"">",Source code,"Fix any of the following:
  Target has insufficient size (78.6px by 16px, should be at least 24px by 24px)
  Target has insufficient space to its closest neighbors. Safe clickable space has a diameter of 16px instead of at least 24px."
https://clinicaltables.nlm.nih.gov,success,target-size,Touch targets do not have sufficient size or spacing.,Touch targets with sufficient size and spacing help users who may have difficulty targeting small controls to activate the targets. [Learn more about touch targets](https://dequeuniversity.com/rules/axe/4.11/target-size).,0,,div.acim_container > div.acim_links_container > div.acim_customize > a,"<a href=""/demo.html?db=icd10cm"">",Customize,"Fix any of the following:
  Target has insufficient size (66.1px by 16px, should be at least 24px by 24px)
  Target has insufficient space to its closest neighbors. Safe clickable space has a diameter of 16px instead of at least 24px."
https://clinicaltables.nlm.nih.gov,success,target-size,Touch targets do not have sufficient size or spacing.,Touch targets with sufficient size and spacing help users who may have difficulty targeting small controls to activate the targets. [Learn more about touch targets](https://dequeuniversity.com/rules/axe/4.11/target-size).,0,,div.acim_container > div.acim_links_container > form > button.link,"<button type=""submit"" class=""link"">",Source code,"Fix any of the following:
  Target has insufficient size (78.6px by 16px, should be at least 24px by 24px)
  Target has insufficient space to its closest neighbors. Safe clickable space has a diameter of 16px instead of at least 24px."
https://clinicaltables.nlm.nih.gov,success,target-size,Touch targets do not have sufficient size or spacing.,Touch targets with sufficient size and spacing help users who may have difficulty targeting small controls to activate the targets. [Learn more about touch targets](https://dequeuniversity.com/rules/axe/4.11/target-size).,0,,div.acim_container > div.acim_links_container > div.acim_customize > a,"<a href=""/demo.html?db=icd11_codes"">",Customize,"Fix any of the following:
  Target has insufficient size (66.1px by 16px, should be at least 24px by 24px)
  Target has insufficient space to its closest neighbors. Safe clickable space has a diameter of 16px instead of at least 24px."
https://clinicaltables.nlm.nih.gov,success,target-size,Touch targets do not have sufficient size or spacing.,Touch targets with sufficient size and spacing help users who may have difficulty targeting small controls to activate the targets. [Learn more about touch targets](https://dequeuniversity.com/rules/axe/4.11/target-size).,0,,div.acim_container > div.acim_links_container > form > button.link,"<button type=""submit"" class=""link"">",Source code,"Fix any of the following:
  Target has insufficient size (78.6px by 16px, should be at least 24px by 24px)
  Target has insufficient space to its closest neighbors. Safe clickable space has a diameter of 16px instead of at least 24px."
https://clinicaltables.nlm.nih.gov,success,target-size,Touch targets do not have sufficient size or spacing.,Touch targets with sufficient size and spacing help users who may have difficulty targeting small controls to activate the targets. [Learn more about touch targets](https://dequeuniversity.com/rules/axe/4.11/target-size).,0,,div.acim_container > div.acim_links_container > div.acim_customize > a,"<a href=""/demo.html?db=icd9cm_dx"">",Customize,"Fix any of the following:
  Target has insufficient size (66.1px by 16px, should be at least 24px by 24px)
  Target has insufficient space to its closest neighbors. Safe clickable space has a diameter of 16px instead of at least 24px."
https://clinicaltables.nlm.nih.gov,success,target-size,Touch targets do not have sufficient size or spacing.,Touch targets with sufficient size and spacing help users who may have difficulty targeting small controls to activate the targets. [Learn more about touch targets](https://dequeuniversity.com/rules/axe/4.11/target-size).,0,,div.acim_container > div.acim_links_container > form > button.link,"<button type=""submit"" class=""link"">",Source code,"Fix any of the following:
  Target has insufficient size (78.6px by 16px, should be at least 24px by 24px)
  Target has insufficient space to its closest neighbors. Safe clickable space has a diameter of 16px instead of at least 24px."
https://clinicaltables.nlm.nih.gov,success,target-size,Touch targets do not have sufficient size or spacing.,Touch targets with sufficient size and spacing help users who may have difficulty targeting small controls to activate the targets. [Learn more about touch targets](https://dequeuniversity.com/rules/axe/4.11/target-size).,0,,div.acim_container > div.acim_links_container > div.acim_customize > a,"<a href=""/demo.html?db=icd9cm_sg"">",Customize,"Fix any of the following:
  Target has insufficient size (66.1px by 16px, should be at least 24px by 24px)
  Target has insufficient space to its closest neighbors. Safe clickable space has a diameter of 16px instead of at least 24px."
https://clinicaltables.nlm.nih.gov,success,target-size,Touch targets do not have sufficient size or spacing.,Touch targets with sufficient size and spacing help users who may have difficulty targeting small controls to activate the targets. [Learn more about touch targets](https://dequeuniversity.com/rules/axe/4.11/target-size).,0,,div.acim_container > div.acim_links_container > form > button.link,"<button type=""submit"" class=""link"">",Source code,"Fix any of the following:
  Target has insufficient size (78.6px by 16px, should be at least 24px by 24px)
  Target has insufficient space to its closest neighbors. Safe clickable space has a diameter of 16px instead of at least 24px."
https://clinicaltables.nlm.nih.gov,success,target-size,Touch targets do not have sufficient size or spacing.,Touch targets with sufficient size and spacing help users who may have difficulty targeting small controls to activate the targets. [Learn more about touch targets](https://dequeuniversity.com/rules/axe/4.11/target-size).,0,,div.acim_container > div.acim_links_container > div.acim_customize > a,"<a href=""/demo.html?db=loinc_items"">",Customize,"Fix any of the following:
  Target has insufficient size (66.1px by 16px, should be at least 24px by 24px)
  Target has insufficient space to its closest neighbors. Safe clickable space has a diameter of 16px instead of at least 24px."
https://clinicaltables.nlm.nih.gov,success,target-size,Touch targets do not have sufficient size or spacing.,Touch targets with sufficient size and spacing help users who may have difficulty targeting small controls to activate the targets. [Learn more about touch targets](https://dequeuniversity.com/rules/axe/4.11/target-size).,0,,div.acim_container > div.acim_links_container > form > button.link,"<button type=""submit"" class=""link"">",Source code,"Fix any of the following:
  Target has insufficient size (78.6px by 16px, should be at least 24px by 24px)
  Target has insufficient space to its closest neighbors. Safe clickable space has a diameter of 16px instead of at least 24px."
https://clinicaltables.nlm.nih.gov,success,target-size,Touch targets do not have sufficient size or spacing.,Touch targets with sufficient size and spacing help users who may have difficulty targeting small controls to activate the targets. [Learn more about touch targets](https://dequeuniversity.com/rules/axe/4.11/target-size).,0,,div.acim_container > div.acim_links_container > div.acim_customize > a,"<a href=""/demo.html?db=procedures"">",Customize,"Fix any of the following:
  Target has insufficient size (66.1px by 16px, should be at least 24px by 24px)
  Target has insufficient space to its closest neighbors. Safe clickable space has a diameter of 16px instead of at least 24px."
https://clinicaltables.nlm.nih.gov,success,target-size,Touch targets do not have sufficient size or spacing.,Touch targets with sufficient size and spacing help users who may have difficulty targeting small controls to activate the targets. [Learn more about touch targets](https://dequeuniversity.com/rules/axe/4.11/target-size).,0,,div.acim_container > div.acim_links_container > form > button.link,"<button type=""submit"" class=""link"">",Source code,"Fix any of the following:
  Target has insufficient size (78.6px by 16px, should be at least 24px by 24px)
  Target has insufficient space to its closest neighbors. Safe clickable space has a diameter of 16px instead of at least 24px."
https://clinicaltables.nlm.nih.gov,success,target-size,Touch targets do not have sufficient size or spacing.,Touch targets with sufficient size and spacing help users who may have difficulty targeting small controls to activate the targets. [Learn more about touch targets](https://dequeuniversity.com/rules/axe/4.11/target-size).,0,,div.acim_container > div.acim_links_container > div.acim_customize > a,"<a href=""/demo.html?db=conditions"">",Customize,"Fix any of the following:
  Target has insufficient size (66.1px by 16px, should be at least 24px by 24px)
  Target has insufficient space to its closest neighbors. Safe clickable space has a diameter of 16px instead of at least 24px."
https://clinicaltables.nlm.nih.gov,success,target-size,Touch targets do not have sufficient size or spacing.,Touch targets with sufficient size and spacing help users who may have difficulty targeting small controls to activate the targets. [Learn more about touch targets](https://dequeuniversity.com/rules/axe/4.11/target-size).,0,,div.acim_container > div.acim_links_container > form > button.link,"<button type=""submit"" class=""link"">",Source code,"Fix any of the following:
  Target has insufficient size (78.6px by 16px, should be at least 24px by 24px)
  Target has insufficient space to its closest neighbors. Safe clickable space has a diameter of 16px instead of at least 24px."
https://clinicaltables.nlm.nih.gov,success,target-size,Touch targets do not have sufficient size or spacing.,Touch targets with sufficient size and spacing help users who may have difficulty targeting small controls to activate the targets. [Learn more about touch targets](https://dequeuniversity.com/rules/axe/4.11/target-size).,0,,div.acim_container > div.acim_links_container > div.acim_customize > a,"<a href=""/demo.html?db=npi_idv"">",Customize,"Fix any of the following:
  Target has insufficient size (66.1px by 16px, should be at least 24px by 24px)
  Target has insufficient space to its closest neighbors. Safe clickable space has a diameter of 16px instead of at least 24px."
https://clinicaltables.nlm.nih.gov,success,target-size,Touch targets do not have sufficient size or spacing.,Touch targets with sufficient size and spacing help users who may have difficulty targeting small controls to activate the targets. [Learn more about touch targets](https://dequeuniversity.com/rules/axe/4.11/target-size).,0,,div.acim_container > div.acim_links_container > form > button.link,"<button type=""submit"" class=""link"">",Source code,"Fix any of the following:
  Target has insufficient size (78.6px by 16px, should be at least 24px by 24px)
  Target has insufficient space to its closest neighbors. Safe clickable space has a diameter of 16px instead of at least 24px."
https://clinicaltables.nlm.nih.gov,success,target-size,Touch targets do not have sufficient size or spacing.,Touch targets with sufficient size and spacing help users who may have difficulty targeting small controls to activate the targets. [Learn more about touch targets](https://dequeuniversity.com/rules/axe/4.11/target-size).,0,,div.acim_container > div.acim_links_container > div.acim_customize > a,"<a href=""/demo.html?db=npi_org"">",Customize,"Fix any of the following:
  Target has insufficient size (66.1px by 16px, should be at least 24px by 24px)
  Target has insufficient space to its closest neighbors. Safe clickable space has a diameter of 16px instead of at least 24px."
https://clinicaltables.nlm.nih.gov,success,target-size,Touch targets do not have sufficient size or spacing.,Touch targets with sufficient size and spacing help users who may have difficulty targeting small controls to activate the targets. [Learn more about touch targets](https://dequeuniversity.com/rules/axe/4.11/target-size).,0,,div.acim_container > div.acim_links_container > form > button.link,"<button type=""submit"" class=""link"">",Source code,"Fix any of the following:
  Target has insufficient size (78.6px by 16px, should be at least 24px by 24px)
  Target has insufficient space to its closest neighbors. Safe clickable space has a diameter of 16px instead of at least 24px."
https://clinicaltables.nlm.nih.gov,success,target-size,Touch targets do not have sufficient size or spacing.,Touch targets with sufficient size and spacing help users who may have difficulty targeting small controls to activate the targets. [Learn more about touch targets](https://dequeuniversity.com/rules/axe/4.11/target-size).,0,,div.acim_container > div.acim_links_container > div.acim_customize > a,"<a href=""/demo.html?db=drug_ingredients"">",Customize,"Fix any of the following:
  Target has insufficient size (66.1px by 16px, should be at least 24px by 24px)
  Target has insufficient space to its closest neighbors. Safe clickable space has a diameter of 16px instead of at least 24px."
https://clinicaltables.nlm.nih.gov,success,target-size,Touch targets do not have sufficient size or spacing.,Touch targets with sufficient size and spacing help users who may have difficulty targeting small controls to activate the targets. [Learn more about touch targets](https://dequeuniversity.com/rules/axe/4.11/target-size).,0,,div.acim_container > div.acim_links_container > form > button.link,"<button type=""submit"" class=""link"">",Source code,"Fix any of the following:
  Target has insufficient size (78.6px by 16px, should be at least 24px by 24px)
  Target has insufficient space to its closest neighbors. Safe clickable space has a diameter of 16px instead of at least 24px."
https://clinicaltables.nlm.nih.gov,success,target-size,Touch targets do not have sufficient size or spacing.,Touch targets with sufficient size and spacing help users who may have difficulty targeting small controls to activate the targets. [Learn more about touch targets](https://dequeuniversity.com/rules/axe/4.11/target-size).,0,,div.acim_container > div.acim_links_container > div.acim_customize > a,"<a href=""/demo.html?db=rxterms"">",Customize,"Fix any of the following:
  Target has insufficient size (66.1px by 16px, should be at least 24px by 24px)
  Target has insufficient space to its closest neighbors. Safe clickable space has a diameter of 16px instead of at least 24px."
https://clinicaltables.nlm.nih.gov,success,target-size,Touch targets do not have sufficient size or spacing.,Touch targets with sufficient size and spacing help users who may have difficulty targeting small controls to activate the targets. [Learn more about touch targets](https://dequeuniversity.com/rules/axe/4.11/target-size).,0,,div.acim_container > div.acim_links_container > form > button.link,"<button type=""submit"" class=""link"">",Source code,"Fix any of the following:
  Target has insufficient size (78.6px by 16px, should be at least 24px by 24px)
  Target has insufficient space to its closest neighbors. Safe clickable space has a diameter of 16px instead of at least 24px."
https://clinicaltables.nlm.nih.gov,success,target-size,Touch targets do not have sufficient size or spacing.,Touch targets with sufficient size and spacing help users who may have difficulty targeting small controls to activate the targets. [Learn more about touch targets](https://dequeuniversity.com/rules/axe/4.11/target-size).,0,,div.acim_container > div.acim_links_container > div.acim_customize > a,"<a href=""/demo.html?db=ucum"">",Customize,"Fix any of the following:
  Target has insufficient size (66.1px by 16px, should be at least 24px by 24px)
  Target has insufficient space to its closest neighbors. Safe clickable space has a diameter of 16px instead of at least 24px."
https://clinicaltables.nlm.nih.gov,success,target-size,Touch targets do not have sufficient size or spacing.,Touch targets with sufficient size and spacing help users who may have difficulty targeting small controls to activate the targets. [Learn more about touch targets](https://dequeuniversity.com/rules/axe/4.11/target-size).,0,,div.acim_container > div.acim_links_container > form > button.link,"<button type=""submit"" class=""link"">",Source code,"Fix any of the following:
  Target has insufficient size (78.6px by 16px, should be at least 24px by 24px)
  Target has insufficient space to its closest neighbors. Safe clickable space has a diameter of 16px instead of at least 24px."
https://clinicaltables.nlm.nih.gov,success,target-size,Touch targets do not have sufficient size or spacing.,Touch targets with sufficient size and spacing help users who may have difficulty targeting small controls to activate the targets. [Learn more about touch targets](https://dequeuniversity.com/rules/axe/4.11/target-size).,0,,div.acim_container > div.acim_links_container > div.acim_customize > a,"<a href=""/demo.html?db=variants"">",Customize,"Fix any of the following:
  Target has insufficient size (66.1px by 16px, should be at least 24px by 24px)
  Target has insufficient space to its closest neighbors. Safe clickable space has a diameter of 16px instead of at least 24px."
https://clinicaltables.nlm.nih.gov,success,target-size,Touch targets do not have sufficient size or spacing.,Touch targets with sufficient size and spacing help users who may have difficulty targeting small controls to activate the targets. [Learn more about touch targets](https://dequeuniversity.com/rules/axe/4.11/target-size).,0,,div.acim_container > div.acim_links_container > form > button.link,"<button type=""submit"" class=""link"">",Source code,"Fix any of the following:
  Target has insufficient size (78.6px by 16px, should be at least 24px by 24px)
  Target has insufficient space to its closest neighbors. Safe clickable space has a diameter of 16px instead of at least 24px."
https://clinicaltables.nlm.nih.gov,success,target-size,Touch targets do not have sufficient size or spacing.,Touch targets with sufficient size and spacing help users who may have difficulty targeting small controls to activate the targets. [Learn more about touch targets](https://dequeuniversity.com/rules/axe/4.11/target-size).,0,,div.acim_container > div.acim_links_container > div.acim_customize > a,"<a href=""/demo.html?db=cosmic"">",Customize,"Fix any of the following:
  Target has insufficient size (66.1px by 16px, should be at least 24px by 24px)
  Target has insufficient space to its closest neighbors. Safe clickable space has a diameter of 16px instead of at least 24px."
https://clinicaltables.nlm.nih.gov,success,target-size,Touch targets do not have sufficient size or spacing.,Touch targets with sufficient size and spacing help users who may have difficulty targeting small controls to activate the targets. [Learn more about touch targets](https://dequeuniversity.com/rules/axe/4.11/target-size).,0,,div.acim_container > div.acim_links_container > form > button.link,"<button type=""submit"" class=""link"">",Source code,"Fix any of the following:
  Target has insufficient size (78.6px by 16px, should be at least 24px by 24px)
  Target has insufficient space to its closest neighbors. Safe clickable space has a diameter of 16px instead of at least 24px."
https://clinicaltables.nlm.nih.gov,success,target-size,Touch targets do not have sufficient size or spacing.,Touch targets with sufficient size and spacing help users who may have difficulty targeting small controls to activate the targets. [Learn more about touch targets](https://dequeuniversity.com/rules/axe/4.11/target-size).,0,,div.acim_container > div.acim_links_container > div.acim_customize > a,"<a href=""/demo.html?db=cosmic_struct"">",Customize,"Fix any of the following:
  Target has insufficient size (66.1px by 16px, should be at least 24px by 24px)
  Target has insufficient space to its closest neighbors. Safe clickable space has a diameter of 16px instead of at least 24px."
https://clinicaltables.nlm.nih.gov,success,target-size,Touch targets do not have sufficient size or spacing.,Touch targets with sufficient size and spacing help users who may have difficulty targeting small controls to activate the targets. [Learn more about touch targets](https://dequeuniversity.com/rules/axe/4.11/target-size).,0,,div.acim_container > div.acim_links_container > form > button.link,"<button type=""submit"" class=""link"">",Source code,"Fix any of the following:
  Target has insufficient size (78.6px by 16px, should be at least 24px by 24px)
  Target has insufficient space to its closest neighbors. Safe clickable space has a diameter of 16px instead of at least 24px."
https://clinicaltables.nlm.nih.gov,success,target-size,Touch targets do not have sufficient size or spacing.,Touch targets with sufficient size and spacing help users who may have difficulty targeting small controls to activate the targets. [Learn more about touch targets](https://dequeuniversity.com/rules/axe/4.11/target-size).,0,,div.acim_container > div.acim_links_container > div.acim_customize > a,"<a href=""/demo.html?db=cytogenetic_locs"">",Customize,"Fix any of the following:
  Target has insufficient size (66.1px by 16px, should be at least 24px by 24px)
  Target has insufficient space to its closest neighbors. Safe clickable space has a diameter of 16px instead of at least 24px."
https://clinicaltables.nlm.nih.gov,success,target-size,Touch targets do not have sufficient size or spacing.,Touch targets with sufficient size and spacing help users who may have difficulty targeting small controls to activate the targets. [Learn more about touch targets](https://dequeuniversity.com/rules/axe/4.11/target-size).,0,,div.acim_container > div.acim_links_container > form > button.link,"<button type=""submit"" class=""link"">",Source code,"Fix any of the following:
  Target has insufficient size (78.6px by 16px, should be at least 24px by 24px)
  Target has insufficient space to its closest neighbors. Safe clickable space has a diameter of 16px instead of at least 24px."
https://clinicaltables.nlm.nih.gov,success,target-size,Touch targets do not have sufficient size or spacing.,Touch targets with sufficient size and spacing help users who may have difficulty targeting small controls to activate the targets. [Learn more about touch targets](https://dequeuniversity.com/rules/axe/4.11/target-size).,0,,div.acim_container > div.acim_links_container > div.acim_customize > a,"<a href=""/demo.html?db=dbvar"">",Customize,"Fix any of the following:
  Target has insufficient size (66.1px by 16px, should be at least 24px by 24px)
  Target has insufficient space to its closest neighbors. Safe clickable space has a diameter of 16px instead of at least 24px."
https://clinicaltables.nlm.nih.gov,success,target-size,Touch targets do not have sufficient size or spacing.,Touch targets with sufficient size and spacing help users who may have difficulty targeting small controls to activate the targets. [Learn more about touch targets](https://dequeuniversity.com/rules/axe/4.11/target-size).,0,,div.acim_container > div.acim_links_container > form > button.link,"<button type=""submit"" class=""link"">",Source code,"Fix any of the following:
  Target has insufficient size (78.6px by 16px, should be at least 24px by 24px)
  Target has insufficient space to its closest neighbors. Safe clickable space has a diameter of 16px instead of at least 24px."
https://clinicaltables.nlm.nih.gov,success,target-size,Touch targets do not have sufficient size or spacing.,Touch targets with sufficient size and spacing help users who may have difficulty targeting small controls to activate the targets. [Learn more about touch targets](https://dequeuniversity.com/rules/axe/4.11/target-size).,0,,div.acim_container > div.acim_links_container > div.acim_customize > a,"<a href=""/demo.html?db=disease_names"">",Customize,"Fix any of the following:
  Target has insufficient size (66.1px by 16px, should be at least 24px by 24px)
  Target has insufficient space to its closest neighbors. Safe clickable space has a diameter of 16px instead of at least 24px."
https://clinicaltables.nlm.nih.gov,success,target-size,Touch targets do not have sufficient size or spacing.,Touch targets with sufficient size and spacing help users who may have difficulty targeting small controls to activate the targets. [Learn more about touch targets](https://dequeuniversity.com/rules/axe/4.11/target-size).,0,,div.acim_container > div.acim_links_container > form > button.link,"<button type=""submit"" class=""link"">",Source code,"Fix any of the following:
  Target has insufficient size (78.6px by 16px, should be at least 24px by 24px)
  Target has insufficient space to its closest neighbors. Safe clickable space has a diameter of 16px instead of at least 24px."
https://clinicaltables.nlm.nih.gov,success,target-size,Touch targets do not have sufficient size or spacing.,Touch targets with sufficient size and spacing help users who may have difficulty targeting small controls to activate the targets. [Learn more about touch targets](https://dequeuniversity.com/rules/axe/4.11/target-size).,0,,div.acim_container > div.acim_links_container > div.acim_customize > a,"<a href=""/demo.html?db=genes"">",Customize,"Fix any of the following:
  Target has insufficient size (66.1px by 16px, should be at least 24px by 24px)
  Target has insufficient space to its closest neighbors. Safe clickable space has a diameter of 16px instead of at least 24px."
https://clinicaltables.nlm.nih.gov,success,target-size,Touch targets do not have sufficient size or spacing.,Touch targets with sufficient size and spacing help users who may have difficulty targeting small controls to activate the targets. [Learn more about touch targets](https://dequeuniversity.com/rules/axe/4.11/target-size).,0,,div.acim_container > div.acim_links_container > form > button.link,"<button type=""submit"" class=""link"">",Source code,"Fix any of the following:
  Target has insufficient size (78.6px by 16px, should be at least 24px by 24px)
  Target has insufficient space to its closest neighbors. Safe clickable space has a diameter of 16px instead of at least 24px."
https://clinicaltables.nlm.nih.gov,success,target-size,Touch targets do not have sufficient size or spacing.,Touch targets with sufficient size and spacing help users who may have difficulty targeting small controls to activate the targets. [Learn more about touch targets](https://dequeuniversity.com/rules/axe/4.11/target-size).,0,,div.acim_container > div.acim_links_container > div.acim_customize > a,"<a href=""/demo.html?db=ncbi_genes"">",Customize,"Fix any of the following:
  Target has insufficient size (66.1px by 16px, should be at least 24px by 24px)
  Target has insufficient space to its closest neighbors. Safe clickable space has a diameter of 16px instead of at least 24px."
https://clinicaltables.nlm.nih.gov,success,target-size,Touch targets do not have sufficient size or spacing.,Touch targets with sufficient size and spacing help users who may have difficulty targeting small controls to activate the targets. [Learn more about touch targets](https://dequeuniversity.com/rules/axe/4.11/target-size).,0,,div.acim_container > div.acim_links_container > form > button.link,"<button type=""submit"" class=""link"">",Source code,"Fix any of the following:
  Target has insufficient size (78.6px by 16px, should be at least 24px by 24px)
  Target has insufficient space to its closest neighbors. Safe clickable space has a diameter of 16px instead of at least 24px."
https://clinicaltables.nlm.nih.gov,success,target-size,Touch targets do not have sufficient size or spacing.,Touch targets with sufficient size and spacing help users who may have difficulty targeting small controls to activate the targets. [Learn more about touch targets](https://dequeuniversity.com/rules/axe/4.11/target-size).,0,,div.acim_container > div.acim_links_container > div.acim_customize > a,"<a href=""/demo.html?db=refseqs"">",Customize,"Fix any of the following:
  Target has insufficient size (66.1px by 16px, should be at least 24px by 24px)
  Target has insufficient space to its closest neighbors. Safe clickable space has a diameter of 16px instead of at least 24px."
https://clinicaltables.nlm.nih.gov,success,target-size,Touch targets do not have sufficient size or spacing.,Touch targets with sufficient size and spacing help users who may have difficulty targeting small controls to activate the targets. [Learn more about touch targets](https://dequeuniversity.com/rules/axe/4.11/target-size).,0,,div.acim_container > div.acim_links_container > form > button.link,"<button type=""submit"" class=""link"">",Source code,"Fix any of the following:
  Target has insufficient size (78.6px by 16px, should be at least 24px by 24px)
  Target has insufficient space to its closest neighbors. Safe clickable space has a diameter of 16px instead of at least 24px."
https://clinicaltables.nlm.nih.gov,success,target-size,Touch targets do not have sufficient size or spacing.,Touch targets with sufficient size and spacing help users who may have difficulty targeting small controls to activate the targets. [Learn more about touch targets](https://dequeuniversity.com/rules/axe/4.11/target-size).,0,,div.acim_container > div.acim_links_container > div.acim_customize > a,"<a href=""/demo.html?db=snps"">",Customize,"Fix any of the following:
  Target has insufficient size (66.1px by 16px, should be at least 24px by 24px)
  Target has insufficient space to its closest neighbors. Safe clickable space has a diameter of 16px instead of at least 24px."
https://clinicaltables.nlm.nih.gov,success,target-size,Touch targets do not have sufficient size or spacing.,Touch targets with sufficient size and spacing help users who may have difficulty targeting small controls to activate the targets. [Learn more about touch targets](https://dequeuniversity.com/rules/axe/4.11/target-size).,0,,div.acim_container > div.acim_links_container > form > button.link,"<button type=""submit"" class=""link"">",Source code,"Fix any of the following:
  Target has insufficient size (78.6px by 16px, should be at least 24px by 24px)
  Target has insufficient space to its closest neighbors. Safe clickable space has a diameter of 16px instead of at least 24px."
https://clinicaltables.nlm.nih.gov,success,target-size,Touch targets do not have sufficient size or spacing.,Touch targets with sufficient size and spacing help users who may have difficulty targeting small controls to activate the targets. [Learn more about touch targets](https://dequeuniversity.com/rules/axe/4.11/target-size).,0,,div.acim_container > div.acim_links_container > div.acim_customize > a,"<a href=""/demo.html?db=star_alleles"">",Customize,"Fix any of the following:
  Target has insufficient size (66.1px by 16px, should be at least 24px by 24px)
  Target has insufficient space to its closest neighbors. Safe clickable space has a diameter of 16px instead of at least 24px."
https://clinicaltables.nlm.nih.gov,success,target-size,Touch targets do not have sufficient size or spacing.,Touch targets with sufficient size and spacing help users who may have difficulty targeting small controls to activate the targets. [Learn more about touch targets](https://dequeuniversity.com/rules/axe/4.11/target-size).,0,,div.shared-row > div.shared-col-md-3 > p > a.shared-text-white,"<a href=""https://www.nlm.nih.gov/web_policies.html"" class=""shared-text-white"">",Web Policies,"Fix any of the following:
  Target has insufficient size (80.7px by 16px, should be at least 24px by 24px)
  Target has insufficient space to its closest neighbors. Safe clickable space has a diameter of 22.2px instead of at least 24px."
https://clinicaltables.nlm.nih.gov,success,target-size,Touch targets do not have sufficient size or spacing.,Touch targets with sufficient size and spacing help users who may have difficulty targeting small controls to activate the targets. [Learn more about touch targets](https://dequeuniversity.com/rules/axe/4.11/target-size).,0,,div.shared-row > div.shared-col-md-3 > p > a.shared-text-white,"<a href=""https://www.nih.gov/institutes-nih/nih-office-director/office-communicatio…"" class=""shared-text-white"">",FOIA,"Fix any of the following:
  Target has insufficient size (32.7px by 16px, should be at least 24px by 24px)
  Target has insufficient space to its closest neighbors. Safe clickable space has a diameter of 16px instead of at least 24px."
https://clinicaltables.nlm.nih.gov,success,target-size,Touch targets do not have sufficient size or spacing.,Touch targets with sufficient size and spacing help users who may have difficulty targeting small controls to activate the targets. [Learn more about touch targets](https://dequeuniversity.com/rules/axe/4.11/target-size).,0,,div.shared-row > div.shared-col-md-3 > p > a#nlmSupportLink,"<a id=""nlmSupportLink"" class=""shared-text-white"" href=""https://support.nlm.nih.gov/support/create-case/?from=https://clinicaltabl…"">",NLM Support Center,"Fix any of the following:
  Target has insufficient size (128.4px by 16px, should be at least 24px by 24px)
  Target has insufficient space to its closest neighbors. Safe clickable space has a diameter of 16px instead of at least 24px."
https://clinicaltables.nlm.nih.gov,success,target-size,Touch targets do not have sufficient size or spacing.,Touch targets with sufficient size and spacing help users who may have difficulty targeting small controls to activate the targets. [Learn more about touch targets](https://dequeuniversity.com/rules/axe/4.11/target-size).,0,,div.shared-row > div.shared-col-md-3 > p > a.shared-text-white,"<a href=""https://www.nlm.nih.gov/accessibility.html"" class=""shared-text-white"">",Accessibility,"Fix any of the following:
  Target has insufficient size (76.3px by 16px, should be at least 24px by 24px)
  Target has insufficient space to its closest neighbors. Safe clickable space has a diameter of 16px instead of at least 24px."
https://clinicaltables.nlm.nih.gov,success,target-size,Touch targets do not have sufficient size or spacing.,Touch targets with sufficient size and spacing help users who may have difficulty targeting small controls to activate the targets. [Learn more about touch targets](https://dequeuniversity.com/rules/axe/4.11/target-size).,0,,div.shared-row > div.shared-col-md-3 > p > a.shared-text-white,"<a href=""https://www.nlm.nih.gov/careers/careers.html"" class=""shared-text-white"">",Careers,"Fix any of the following:
  Target has insufficient size (49.8px by 16px, should be at least 24px by 24px)
  Target has insufficient space to its closest neighbors. Safe clickable space has a diameter of 16px instead of at least 24px."
https://clinicaltables.nlm.nih.gov,success,landmark-one-main,Document does not have a main landmark.,One main landmark helps screen reader users navigate a web page. [Learn more about landmarks](https://dequeuniversity.com/rules/axe/4.11/landmark-one-main).,0,,html,<html>,html,"Fix all of the following:
  Document does not have a main landmark"
https://nlmdirector.nlm.nih.gov,success,heading-order,Heading elements are not in a sequentially-descending order,"Properly ordered headings that do not skip levels convey the semantic structure of the page, making it easier to navigate and understand when using assistive technologies. [Learn more about heading order](https://dequeuniversity.com/rules/axe/4.11/heading-order).",0,,div.wp-block-group > div.wp-block-group__inner-container > div.wp-block-uagb-advanced-heading > h5.uagb-heading-text,"<h5 class=""uagb-heading-text"">",Follow and subscribe!,"Fix any of the following:
  Heading order invalid"
https://nlmdirector.nlm.nih.gov,success,link-name,Links do not have a discernible name,"Link text (and alternate text for images, when used as links) that is discernible, unique, and focusable improves the navigation experience for screen reader users. [Learn how to make links accessible](https://dequeuniversity.com/rules/axe/4.11/link-name).",0,,body.home > div#page > header#masthead > a.header-image,"<a href=""https://nlmdirector.nlm.nih.gov/"" class=""header-image"" rel=""home"">",body.home > div#page > header#masthead > a.header-image,"Fix all of the following:
  Element is in tab order and does not have accessible text

Fix any of the following:
  Element does not have text that is visible to screen readers
  aria-label attribute does not exist or is empty
  aria-labelledby attribute does not exist, references elements that do not exist or references elements that are empty
  Element has no title attribute"
https://nlmdirector.nlm.nih.gov,success,link-name,Links do not have a discernible name,"Link text (and alternate text for images, when used as links) that is discernible, unique, and focusable improves the navigation experience for screen reader users. [Learn how to make links accessible](https://dequeuniversity.com/rules/axe/4.11/link-name).",0,,div.ultp-pagination-wrap > ul.ultp-pagination > li.ultp-next-page-numbers > a,"<a href=""https://nlmdirector.nlm.nih.gov/page/2/"">",div.ultp-pagination-wrap > ul.ultp-pagination > li.ultp-next-page-numbers > a,"Fix all of the following:
  Element is in tab order and does not have accessible text

Fix any of the following:
  Element does not have text that is visible to screen readers
  aria-label attribute does not exist or is empty
  aria-labelledby attribute does not exist, references elements that do not exist or references elements that are empty
  Element has no title attribute"
https://nlmdirector.nlm.nih.gov,success,label-content-name-mismatch,Elements with visible text labels do not have matching accessible names.,Visible text labels that do not match the accessible name can result in a confusing experience for screen reader users. [Learn more about accessible names](https://dequeuniversity.com/rules/axe/4.11/label-content-name-mismatch).,0,,div.ultp-block-content-wrap > div.ultp-block-content > div.ultp-block-readmore > a,"<a aria-label=""Meet the NLM Investigators: Richard Scheuermann and Decoding Disease with …"" href=""https://nlmdirector.nlm.nih.gov/2025/05/21/meet-the-nlm-investigators-rich…"">",Read More,"Fix any of the following:
  Text inside the element is not included in the accessible name"
https://nlmdirector.nlm.nih.gov,success,label-content-name-mismatch,Elements with visible text labels do not have matching accessible names.,Visible text labels that do not match the accessible name can result in a confusing experience for screen reader users. [Learn more about accessible names](https://dequeuniversity.com/rules/axe/4.11/label-content-name-mismatch).,0,,div.ultp-block-content-wrap > div.ultp-block-content > div.ultp-block-readmore > a,"<a aria-label=""There’s No Place Like NLM: Your Home at NIH for Biomedical Informatics Res…"" href=""https://nlmdirector.nlm.nih.gov/2025/05/14/theres-no-place-like-nlm-your-h…"">",Read More,"Fix any of the following:
  Text inside the element is not included in the accessible name"
https://nlmdirector.nlm.nih.gov,success,label-content-name-mismatch,Elements with visible text labels do not have matching accessible names.,Visible text labels that do not match the accessible name can result in a confusing experience for screen reader users. [Learn more about accessible names](https://dequeuniversity.com/rules/axe/4.11/label-content-name-mismatch).,0,,div.ultp-block-content-wrap > div.ultp-block-content > div.ultp-block-readmore > a,"<a aria-label=""Transforming Transparency Through Policy"" href=""https://nlmdirector.nlm.nih.gov/2025/05/05/transforming-transparency-throu…"">",Read More,"Fix any of the following:
  Text inside the element is not included in the accessible name"
https://nlmdirector.nlm.nih.gov,success,label-content-name-mismatch,Elements with visible text labels do not have matching accessible names.,Visible text labels that do not match the accessible name can result in a confusing experience for screen reader users. [Learn more about accessible names](https://dequeuniversity.com/rules/axe/4.11/label-content-name-mismatch).,0,,div.ultp-block-content-wrap > div.ultp-block-content > div.ultp-block-readmore > a,"<a aria-label=""Meet the NLM Investigators: Dr. Jeremy Weiss is Transforming Clinical Note…"" href=""https://nlmdirector.nlm.nih.gov/2025/04/23/meet-the-nlm-investigators-dr-j…"">",Read More,"Fix any of the following:
  Text inside the element is not included in the accessible name"
https://nlmdirector.nlm.nih.gov,success,label-content-name-mismatch,Elements with visible text labels do not have matching accessible names.,Visible text labels that do not match the accessible name can result in a confusing experience for screen reader users. [Learn more about accessible names](https://dequeuniversity.com/rules/axe/4.11/label-content-name-mismatch).,0,,div.ultp-block-content-wrap > div.ultp-block-content > div.ultp-block-readmore > a,"<a aria-label=""ClinicalTrials.gov: A 25-Year Journey to a Half-Million Registered Studies"" href=""https://nlmdirector.nlm.nih.gov/2025/04/02/clinicaltrials-gov-a-25-year-jo…"">",Read More,"Fix any of the following:
  Text inside the element is not included in the accessible name"
https://nlmdirector.nlm.nih.gov,success,label-content-name-mismatch,Elements with visible text labels do not have matching accessible names.,Visible text labels that do not match the accessible name can result in a confusing experience for screen reader users. [Learn more about accessible names](https://dequeuniversity.com/rules/axe/4.11/label-content-name-mismatch).,0,,div.ultp-block-content-wrap > div.ultp-block-content > div.ultp-block-readmore > a,"<a aria-label=""Can New Tech Prevent Falls in People with Multiple Sclerosis?"" href=""https://nlmdirector.nlm.nih.gov/2025/03/12/can-new-tech-prevent-falls-in-p…"">",Read More,"Fix any of the following:
  Text inside the element is not included in the accessible name"
https://formbuilder.nlm.nih.gov,success,aria-dialog-name,"Elements with `role=""dialog""` or `role=""alertdialog""` do not have accessible names.",ARIA dialog elements without accessible names may prevent screen readers users from discerning the purpose of these elements. [Learn how to make ARIA dialog elements more accessible](https://dequeuniversity.com/rules/axe/4.11/aria-dialog-name).,0,,body.bg-secondary > lfb-root > ngb-modal-window.d-block,"<ngb-modal-window tabindex=""-1"" aria-modal=""true"" role=""dialog"" class=""d-block modal fade show"">","Accept Terms of Use
LOINC Terms of Use

The NLM Form Builder provides access to…","Fix any of the following:
  aria-label attribute does not exist or is empty
  aria-labelledby attribute does not exist, references elements that do not exist or references elements that are empty
  Element has no title attribute"
https://formbuilder.nlm.nih.gov,success,aria-dialog-name,"Elements with `role=""dialog""` or `role=""alertdialog""` do not have accessible names.",ARIA dialog elements without accessible names may prevent screen readers users from discerning the purpose of these elements. [Learn how to make ARIA dialog elements more accessible](https://dequeuniversity.com/rules/axe/4.11/aria-dialog-name).,0,,div.modal-dialog > div.modal-content > lfb-loinc-notice > div,"<div _ngcontent-ng-c689490796="""" role=""alertdialog"">","Accept Terms of Use
LOINC Terms of Use

The NLM Form Builder provides access to…","Fix any of the following:
  aria-label attribute does not exist or is empty
  aria-labelledby attribute does not exist, references elements that do not exist or references elements that are empty
  Element has no title attribute"
https://formbuilder.nlm.nih.gov,success,aria-valid-attr-value,`[aria-*]` attributes do not have valid values,"Assistive technologies, like screen readers, can't interpret ARIA attributes with invalid values. [Learn more about valid values for ARIA attributes](https://dequeuniversity.com/rules/axe/4.11/aria-valid-attr-value).",0,,div > div.modal-body > div > input#useSnomed,"<input _ngcontent-ng-c689490796="""" id=""useSnomed"" type=""checkbox"" aria-controls=""snomedContent"" class=""form-check-inline ng-untouched ng-pristine ng-valid"">",div > div.modal-body > div > input#useSnomed,"Fix all of the following:
  Invalid ARIA attribute value: aria-controls=""snomedContent"""
https://formbuilder.nlm.nih.gov,success,color-contrast,Background and foreground colors do not have a sufficient contrast ratio.,Low-contrast text is difficult or impossible for many users to read. [Learn how to provide sufficient color contrast](https://dequeuniversity.com/rules/axe/4.11/color-contrast).,0,,div.card > div.card-body > p#emailList > a,"<a _ngcontent-ng-c2800065231="""" href=""mailto:listserv@list.nih.gov?body=subscribe LHCFORMBUILDER-ANNOUNCE"">",listserv@list.nih.gov,"Fix any of the following:
  Element has insufficient color contrast of 3.24 (foreground color: #1890ff, background color: #ffffff, font size: 9.8pt (13px), font weight: normal). Expected contrast ratio of 4.5:1"
https://formbuilder.nlm.nih.gov,success,link-in-text-block,Links rely on color to be distinguishable.,Low-contrast text is difficult or impossible for many users to read. Link text that is discernible improves the experience for users with low vision. [Learn how to make links distinguishable](https://dequeuniversity.com/rules/axe/4.11/link-in-text-block).,0,,div.ms-auto > div.card > div.float-lg-right > a,"<a _ngcontent-ng-c1129553090="""" target=""_blank"" rel=""noopener noreferrer"" href=""https://github.com/lhncbc/formbuilder-lhcforms/blob/master/CHANGELOG.md"">",11.0.7,"Fix any of the following:
  The link has insufficient color contrast of 1.64:1 with the surrounding text. (Minimum contrast is 3:1, link text: #1e4193, surrounding text: #212529)
  The link has no styling (such as underline) to distinguish it from the surrounding text"
https://beta.ncbi.nlm.nih.gov,success,,,,,,,,,
https://niaaa.nih.gov,success,heading-order,Heading elements are not in a sequentially-descending order,"Properly ordered headings that do not skip levels convey the semantic structure of the page, making it easier to navigate and understand when using assistive technologies. [Learn more about heading order](https://dequeuniversity.com/rules/axe/4.11/heading-order).",0,,div.usa-card__container > a.card-link > div.usa-card__header > h4.usa-card__heading,"<h4 class=""usa-card__heading"">",The Healthcare Professional's Core Resource on Alcohol from NIAAA,"Fix any of the following:
  Heading order invalid"
https://niaaa.nih.gov,success,heading-order,Heading elements are not in a sequentially-descending order,"Properly ordered headings that do not skip levels convey the semantic structure of the page, making it easier to navigate and understand when using assistive technologies. [Learn more about heading order](https://dequeuniversity.com/rules/axe/4.11/heading-order).",0,,div.usa-collection > div.usa-collection__item > div.usa-collection__body > h4.usa-collection__heading,"<h4 class=""usa-collection__heading"">",Researchers identify brain hub with key role in learned response to direct and …,"Fix any of the following:
  Heading order invalid"
https://niaaa.nih.gov,success,heading-order,Heading elements are not in a sequentially-descending order,"Properly ordered headings that do not skip levels convey the semantic structure of the page, making it easier to navigate and understand when using assistive technologies. [Learn more about heading order](https://dequeuniversity.com/rules/axe/4.11/heading-order).",0,,div.usa-collection > div.usa-collection__item > div.usa-collection__body > h4.usa-collection__heading,"<h4 class=""usa-collection__heading"">","George F. Koob, Ph.D., NIAAA Director","Fix any of the following:
  Heading order invalid"
https://niaaa.nih.gov,success,heading-order,Heading elements are not in a sequentially-descending order,"Properly ordered headings that do not skip levels convey the semantic structure of the page, making it easier to navigate and understand when using assistive technologies. [Learn more about heading order](https://dequeuniversity.com/rules/axe/4.11/heading-order).",0,,ul.usa-collection > li.usa-collection__item > div.usa-collection__body > h4.usa-collection__heading,"<h4 class=""usa-collection__heading"">",Alcohol Effects on the Body,"Fix any of the following:
  Heading order invalid"
https://niaaa.nih.gov,success,heading-order,Heading elements are not in a sequentially-descending order,"Properly ordered headings that do not skip levels convey the semantic structure of the page, making it easier to navigate and understand when using assistive technologies. [Learn more about heading order](https://dequeuniversity.com/rules/axe/4.11/heading-order).",0,,ul.usa-collection > li.usa-collection__item > div.usa-collection__body > h4.usa-collection__heading,"<h4 class=""usa-collection__heading"">",Screening and Brief Intervention Tools,"Fix any of the following:
  Heading order invalid"
https://niaaa.nih.gov,success,heading-order,Heading elements are not in a sequentially-descending order,"Properly ordered headings that do not skip levels convey the semantic structure of the page, making it easier to navigate and understand when using assistive technologies. [Learn more about heading order](https://dequeuniversity.com/rules/axe/4.11/heading-order).",0,,div.usa-card__container > a.card-link > div.usa-card__header > h4.usa-card__heading,"<h4 class=""usa-card__heading"">",NIAAA Labs,"Fix any of the following:
  Heading order invalid"
https://niaaa.nih.gov,success,list,Lists do not contain only `<li>` elements and script supporting elements (`<script>` and `<template>`).,Screen readers have a specific way of announcing lists. Ensuring proper list structure aids screen reader output. [Learn more about proper list structure](https://dequeuniversity.com/rules/axe/4.11/list).,0,,div.desktop:grid-col-6 > div.paragraph > div.usa-collection-list > ul.usa-collection,"<ul class=""usa-collection"">","Image

News Release

Researchers identify brain hub with key role in learned re…","Fix all of the following:
  List element has direct children that are not allowed: div"
https://niaaa.nih.gov,success,list,Lists do not contain only `<li>` elements and script supporting elements (`<script>` and `<template>`).,Screen readers have a specific way of announcing lists. Ensuring proper list structure aids screen reader output. [Learn more about proper list structure](https://dequeuniversity.com/rules/axe/4.11/list).,0,,div.desktop:grid-col-6 > div.paragraph > div.usa-collection-list > ul.usa-collection,"<ul class=""usa-collection"">","Image
George F. Koob, Ph.D., NIAAA Director
NIAAA Director's Blog","Fix all of the following:
  List element has direct children that are not allowed: div"
https://niaaa.nih.gov,success,target-size,Touch targets do not have sufficient size or spacing.,Touch targets with sufficient size and spacing help users who may have difficulty targeting small controls to activate the targets. [Learn more about touch targets](https://dequeuniversity.com/rules/axe/4.11/target-size).,0,,div.usa-collection-list > ul.usa-collection > li.usa-collection__item > a,"<a href=""/alcohols-effects-health/alcohol-topics/health-topics-alcohol-use-disorder"">","woman siting outside, contemplating","Fix any of the following:
  Target has insufficient size (20px by 13.3px, should be at least 24px by 24px)
  Target has insufficient space to its closest neighbors. Safe clickable space has a diameter of 20px instead of at least 24px."
https://niaaa.nih.gov,success,target-size,Touch targets do not have sufficient size or spacing.,Touch targets with sufficient size and spacing help users who may have difficulty targeting small controls to activate the targets. [Learn more about touch targets](https://dequeuniversity.com/rules/axe/4.11/target-size).,0,,div.usa-collection-list > ul.usa-collection > li.usa-collection__item > a,"<a href=""/alcohols-effects-health/professional-education-materials/alcohol-screenin…"">",man sitting in a psychiatrist office,"Fix any of the following:
  Target has insufficient size (20px by 13.3px, should be at least 24px by 24px)
  Target has insufficient space to its closest neighbors. Safe clickable space has a diameter of 20px instead of at least 24px."
https://niaaa.nih.gov,success,target-size,Touch targets do not have sufficient size or spacing.,Touch targets with sufficient size and spacing help users who may have difficulty targeting small controls to activate the targets. [Learn more about touch targets](https://dequeuniversity.com/rules/axe/4.11/target-size).,0,,div.usa-collection-list > ul.usa-collection > li.usa-collection__item > a,"<a href=""/join-study"">",a woman doctor discuss with a man patient,"Fix any of the following:
  Target has insufficient size (20px by 13.3px, should be at least 24px by 24px)
  Target has insufficient space to its closest neighbors. Safe clickable space has a diameter of 20px instead of at least 24px."
https://niaaa.nih.gov,success,target-size,Touch targets do not have sufficient size or spacing.,Touch targets with sufficient size and spacing help users who may have difficulty targeting small controls to activate the targets. [Learn more about touch targets](https://dequeuniversity.com/rules/axe/4.11/target-size).,0,,div.usa-collection-list > ul.usa-collection > li.usa-collection__item > a,"<a href=""https://alcoholtreatment.niaaa.nih.gov/healthcare-professionals"">",a woman holding her head,"Fix any of the following:
  Target has insufficient size (20px by 13.3px, should be at least 24px by 24px)
  Target has insufficient space to its closest neighbors. Safe clickable space has a diameter of 20px instead of at least 24px."
https://niaaa.nih.gov,success,label-content-name-mismatch,Elements with visible text labels do not have matching accessible names.,Visible text labels that do not match the accessible name can result in a confusing experience for screen reader users. [Learn more about accessible names](https://dequeuniversity.com/rules/axe/4.11/label-content-name-mismatch).,0,,div.usa-collection-list-head > div.usa-collection-more-button > div.usa-button > a.usa-link,"<a class=""usa-link"" href=""/news-events"" aria-label=""More information"">",More News & Events ,"Fix any of the following:
  Text inside the element is not included in the accessible name"
https://niaaa.nih.gov,success,label-content-name-mismatch,Elements with visible text labels do not have matching accessible names.,Visible text labels that do not match the accessible name can result in a confusing experience for screen reader users. [Learn more about accessible names](https://dequeuniversity.com/rules/axe/4.11/label-content-name-mismatch).,0,,div.usa-collection-list-head > div.usa-collection-more-button > div.usa-button > a.usa-link,"<a class=""usa-link"" href=""/about-niaaa/directors-page"" aria-label=""More information"">",Director's Page ,"Fix any of the following:
  Text inside the element is not included in the accessible name"
https://niaaa.nih.gov,success,label-content-name-mismatch,Elements with visible text labels do not have matching accessible names.,Visible text labels that do not match the accessible name can result in a confusing experience for screen reader users. [Learn more about accessible names](https://dequeuniversity.com/rules/axe/4.11/label-content-name-mismatch).,0,,div.usa-collection-list-head > div.usa-collection-more-button > div.usa-button > a.usa-link,"<a class=""usa-link"" href=""/alcohols-effects-health"" aria-label=""More information"">",More Topics ,"Fix any of the following:
  Text inside the element is not included in the accessible name"
https://niaaa.nih.gov,success,label-content-name-mismatch,Elements with visible text labels do not have matching accessible names.,Visible text labels that do not match the accessible name can result in a confusing experience for screen reader users. [Learn more about accessible names](https://dequeuniversity.com/rules/axe/4.11/label-content-name-mismatch).,0,,div.usa-collection-list-head > div.usa-collection-more-button > div.usa-button > a.usa-link,"<a class=""usa-link"" href=""/health-professionals-communities"" aria-label=""More information"">",More Resources ,"Fix any of the following:
  Text inside the element is not included in the accessible name"
https://prstest.clinicaltrials.gov,success,html-has-lang,`<html>` element does not have a `[lang]` attribute,"If a page doesn't specify a `lang` attribute, a screen reader assumes that the page is in the default language that the user chose when setting up the screen reader. If the page isn't actually in the default language, then the screen reader might not announce the page's text correctly. [Learn more about the `lang` attribute](https://dequeuniversity.com/rules/axe/4.11/html-has-lang).",0,,html,<html>,html,"Fix any of the following:
  The <html> element does not have a lang attribute"
https://prstest.clinicaltrials.gov,success,label,Form elements do not have associated labels,"Labels ensure that form controls are announced properly by assistive technologies, like screen readers. [Learn more about form element labels](https://dequeuniversity.com/rules/axe/4.11/label).",0,,tbody > tr > td > input,"<input type=""TEXT"" name=""Organization"" value="""" maxlength=""60"" size=""30"">",tbody > tr > td > input,"Fix any of the following:
  Element does not have an implicit (wrapped) <label>
  Element does not have an explicit <label>
  aria-label attribute does not exist or is empty
  aria-labelledby attribute does not exist, references elements that do not exist or references elements that are empty
  Element has no title attribute
  Element has no placeholder attribute
  Element's default semantics were not overridden with role=""none"" or role=""presentation"""
https://prstest.clinicaltrials.gov,success,label,Form elements do not have associated labels,"Labels ensure that form controls are announced properly by assistive technologies, like screen readers. [Learn more about form element labels](https://dequeuniversity.com/rules/axe/4.11/label).",0,,tbody > tr > td > input,"<input type=""TEXT"" name=""UserName"" value="""" maxlength=""40"" size=""30"">",tbody > tr > td > input,"Fix any of the following:
  Element does not have an implicit (wrapped) <label>
  Element does not have an explicit <label>
  aria-label attribute does not exist or is empty
  aria-labelledby attribute does not exist, references elements that do not exist or references elements that are empty
  Element has no title attribute
  Element has no placeholder attribute
  Element's default semantics were not overridden with role=""none"" or role=""presentation"""
https://prstest.clinicaltrials.gov,success,label,Form elements do not have associated labels,"Labels ensure that form controls are announced properly by assistive technologies, like screen readers. [Learn more about form element labels](https://dequeuniversity.com/rules/axe/4.11/label).",0,,tbody > tr > td > input,"<input type=""PASSWORD"" name=""Password"" value="""" autocomplete=""off"" maxlength=""128"" size=""30"">",tbody > tr > td > input,"Fix any of the following:
  Element does not have an implicit (wrapped) <label>
  Element does not have an explicit <label>
  aria-label attribute does not exist or is empty
  aria-labelledby attribute does not exist, references elements that do not exist or references elements that are empty
  Element has no title attribute
  Element has no placeholder attribute
  Element's default semantics were not overridden with role=""none"" or role=""presentation"""
https://prstest.clinicaltrials.gov,success,landmark-one-main,Document does not have a main landmark.,One main landmark helps screen reader users navigate a web page. [Learn more about landmarks](https://dequeuniversity.com/rules/axe/4.11/landmark-one-main).,0,,html,<html>,html,"Fix all of the following:
  Document does not have a main landmark"
https://cfmedicine.awsprod.nlm.nih.gov,success,color-contrast,Background and foreground colors do not have a sufficient contrast ratio.,Low-contrast text is difficult or impossible for many users to read. [Learn how to provide sufficient color contrast](https://dequeuniversity.com/rules/axe/4.11/color-contrast).,0,,div#foot > div.footer > form#exhibitionsearch > input#searchexhibition,"<input name=""query"" id=""searchexhibition"" value="""" type=""text"">",div#foot > div.footer > form#exhibitionsearch > input#searchexhibition,"Fix any of the following:
  Element has insufficient color contrast of 2.77 (foreground color: #9b9b9b, background color: #ffffff, font size: 9.8pt (13px), font weight: normal). Expected contrast ratio of 4.5:1"
https://cfmedicine.awsprod.nlm.nih.gov,success,html-has-lang,`<html>` element does not have a `[lang]` attribute,"If a page doesn't specify a `lang` attribute, a screen reader assumes that the page is in the default language that the user chose when setting up the screen reader. If the page isn't actually in the default language, then the screen reader might not announce the page's text correctly. [Learn more about the `lang` attribute](https://dequeuniversity.com/rules/axe/4.11/html-has-lang).",0,,html,"<html xmlns=""http://www.w3.org/1999/xhtml"">",html,"Fix any of the following:
  The <html> element does not have a lang attribute"
https://cfmedicine.awsprod.nlm.nih.gov,success,landmark-one-main,Document does not have a main landmark.,One main landmark helps screen reader users navigate a web page. [Learn more about landmarks](https://dequeuniversity.com/rules/axe/4.11/landmark-one-main).,0,,html,"<html xmlns=""http://www.w3.org/1999/xhtml"">",html,"Fix all of the following:
  Document does not have a main landmark"
https://intranet.ncbi.nlm.nih.gov,success,,,,,,,,,
https://digitalgallery.nlm.nih.gov,success,label,Form elements do not have associated labels,"Labels ensure that form controls are announced properly by assistive technologies, like screen readers. [Learn more about form element labels](https://dequeuniversity.com/rules/axe/4.11/label).",0,,form#CredSelectorNotice > div.d-flex > div.d-flex > input#USERNAME,"<input type=""text"" id=""USERNAME"" name=""USERNAME"" required="""">",form#CredSelectorNotice > div.d-flex > div.d-flex > input#USERNAME,"Fix any of the following:
  Element does not have an implicit (wrapped) <label>
  Element does not have an explicit <label>
  aria-label attribute does not exist or is empty
  aria-labelledby attribute does not exist, references elements that do not exist or references elements that are empty
  Element has no title attribute
  Element has no placeholder attribute
  Element's default semantics were not overridden with role=""none"" or role=""presentation"""
https://digitalgallery.nlm.nih.gov,success,label,Form elements do not have associated labels,"Labels ensure that form controls are announced properly by assistive technologies, like screen readers. [Learn more about form element labels](https://dequeuniversity.com/rules/axe/4.11/label).",0,,form#CredSelectorNotice > div.d-flex > div.d-flex > input#PASSWORD,"<input name=""PASSWORD"" id=""PASSWORD"" type=""password"" required="""" autocomplete=""new-password"">",form#CredSelectorNotice > div.d-flex > div.d-flex > input#PASSWORD,"Fix any of the following:
  Element does not have an implicit (wrapped) <label>
  Element does not have an explicit <label>
  aria-label attribute does not exist or is empty
  aria-labelledby attribute does not exist, references elements that do not exist or references elements that are empty
  Element has no title attribute
  Element has no placeholder attribute
  Element's default semantics were not overridden with role=""none"" or role=""presentation"""
https://digirepo.nlm.nih.gov,success,aria-input-field-name,ARIA input fields do not have accessible names,"When an input field doesn't have an accessible name, screen readers announce it with a generic name, making it unusable for users who rely on screen readers. [Learn more about input field labels](https://dequeuniversity.com/rules/axe/4.11/aria-input-field-name).",0,,section.col-md-12 > div.container > div#collectionsSliderMobile > div.carousel-inner,"<div class=""carousel-inner"" role=""listbox"">","Archives & Personal Papers Collections
Digitized personal papers and organizati…","Fix any of the following:
  aria-label attribute does not exist or is empty
  aria-labelledby attribute does not exist, references elements that do not exist or references elements that are empty
  Element has no title attribute"
https://digirepo.nlm.nih.gov,success,aria-input-field-name,ARIA input fields do not have accessible names,"When an input field doesn't have an accessible name, screen readers announce it with a generic name, making it unusable for users who rely on screen readers. [Learn more about input field labels](https://dequeuniversity.com/rules/axe/4.11/aria-input-field-name).",0,,section.col-md-12 > div.container > div#recentDigiMobile > div.carousel-inner,"<div class=""carousel-inner"" role=""listbox"">","The classic Greek dictionary, in two parts: Greek-English and English-Greek, wi…","Fix any of the following:
  aria-label attribute does not exist or is empty
  aria-labelledby attribute does not exist, references elements that do not exist or references elements that are empty
  Element has no title attribute"
https://digirepo.nlm.nih.gov,success,aria-required-children,Elements with an ARIA `[role]` that require children to contain a specific `[role]` are missing some or all of those required children.,Some ARIA parent roles must contain specific child roles to perform their intended accessibility functions. [Learn more about roles and required children elements](https://dequeuniversity.com/rules/axe/4.11/aria-required-children).,0,,section.col-md-12 > div.container > div#collectionsSliderMobile > div.carousel-inner,"<div class=""carousel-inner"" role=""listbox"">","Archives & Personal Papers Collections
Digitized personal papers and organizati…","Fix any of the following:
  Element has children which are not allowed: a[tabindex]"
https://digirepo.nlm.nih.gov,success,aria-required-children,Elements with an ARIA `[role]` that require children to contain a specific `[role]` are missing some or all of those required children.,Some ARIA parent roles must contain specific child roles to perform their intended accessibility functions. [Learn more about roles and required children elements](https://dequeuniversity.com/rules/axe/4.11/aria-required-children).,0,,section.col-md-12 > div.container > div#recentDigiMobile > div.carousel-inner,"<div class=""carousel-inner"" role=""listbox"">","The classic Greek dictionary, in two parts: Greek-English and English-Greek, wi…","Fix any of the following:
  Element has children which are not allowed: a[tabindex]"
https://digirepo.nlm.nih.gov,success,heading-order,Heading elements are not in a sequentially-descending order,"Properly ordered headings that do not skip levels convey the semantic structure of the page, making it easier to navigate and understand when using assistive technologies. [Learn more about heading order](https://dequeuniversity.com/rules/axe/4.11/heading-order).",0,,div.row > section.col-md-12 > div.container > h4.fw-bold,"<h4 class=""fw-bold"">",Collections View all,"Fix any of the following:
  Heading order invalid"
https://digirepo.nlm.nih.gov,success,heading-order,Heading elements are not in a sequentially-descending order,"Properly ordered headings that do not skip levels convey the semantic structure of the page, making it easier to navigate and understand when using assistive technologies. [Learn more about heading order](https://dequeuniversity.com/rules/axe/4.11/heading-order).",0,,div.card > div.card-body > a > h6.fw-bold,"<h6 class=""fw-bold"">",Archives & Personal Papers Collections,"Fix any of the following:
  Heading order invalid"
https://digirepo.nlm.nih.gov,success,heading-order,Heading elements are not in a sequentially-descending order,"Properly ordered headings that do not skip levels convey the semantic structure of the page, making it easier to navigate and understand when using assistive technologies. [Learn more about heading order](https://dequeuniversity.com/rules/axe/4.11/heading-order).",0,,div.card > a > div.card-body > h6,<h6>,IndexCat™,"Fix any of the following:
  Heading order invalid"
https://www.nlm.nih.gov,success,,,,,,,,,
https://rarediseases.info.nih.gov,success,heading-order,Heading elements are not in a sequentially-descending order,"Properly ordered headings that do not skip levels convey the semantic structure of the page, making it easier to navigate and understand when using assistive technologies. [Learn more about heading order](https://dequeuniversity.com/rules/axe/4.11/heading-order).",0,,div.contact-us-wrapper > div.container-xxxl > div.d-block > h3.text-blue,"<h3 class=""text-blue border-start border-blue border-4 ps-4 mb-3 hl-1 fw-bold"">",Connect with GARD,"Fix any of the following:
  Heading order invalid"
https://rarediseases.info.nih.gov,success,heading-order,Heading elements are not in a sequentially-descending order,"Properly ordered headings that do not skip levels convey the semantic structure of the page, making it easier to navigate and understand when using assistive technologies. [Learn more about heading order](https://dequeuniversity.com/rules/axe/4.11/heading-order).",0,,div.container-xxxl > div.d-block > div.text-center > h5.text-blue,"<h5 class=""text-blue mb-2 fw-bold fs-22"">",Phone,"Fix any of the following:
  Heading order invalid"
https://rarediseases.info.nih.gov,success,heading-order,Heading elements are not in a sequentially-descending order,"Properly ordered headings that do not skip levels convey the semantic structure of the page, making it easier to navigate and understand when using assistive technologies. [Learn more about heading order](https://dequeuniversity.com/rules/axe/4.11/heading-order).",0,,div.container-xxxl > div.d-block > div.text-center > h5.text-blue,"<h5 class=""text-blue mb-2 fs-22"">",Contact GARD,"Fix any of the following:
  Heading order invalid"
https://rarediseases.info.nih.gov,success,landmark-one-main,Document does not have a main landmark.,One main landmark helps screen reader users navigate a web page. [Learn more about landmarks](https://dequeuniversity.com/rules/axe/4.11/landmark-one-main).,0,,html,"<html lang=""en"" data-critters-container="""">",html,"Fix all of the following:
  Document does not have a main landmark"
https://rarediseases.info.nih.gov,success,label-content-name-mismatch,Elements with visible text labels do not have matching accessible names.,Visible text labels that do not match the accessible name can result in a confusing experience for screen reader users. [Learn more about accessible names](https://dequeuniversity.com/rules/axe/4.11/label-content-name-mismatch).,0,,div.d-block > div.text-center > h3.phone > a,"<a role=""button"" aria-label=""Click to Call"" href=""tel:8882052311"">",1-888-205-2311,"Fix any of the following:
  Text inside the element is not included in the accessible name"
https://eresources.nlm.nih.gov,success,skip-link,Skip links are not focusable.,Including a skip link can help users skip to the main content to save time. [Learn more about skip links](https://dequeuniversity.com/rules/axe/4.11/skip-link).,0,,body > a.usa-skipnav,"<a class=""usa-skipnav"" href=""#main"">",Skip to main content,"Fix any of the following:
  No skip link target"
https://eresources.nlm.nih.gov,success,landmark-one-main,Document does not have a main landmark.,One main landmark helps screen reader users navigate a web page. [Learn more about landmarks](https://dequeuniversity.com/rules/axe/4.11/landmark-one-main).,0,,html,"<html lang=""en"" class="""">",html,"Fix all of the following:
  Document does not have a main landmark"
https://lhcforms.nlm.nih.gov,success,aria-prohibited-attr,Elements use prohibited ARIA attributes,Using ARIA attributes in roles where they are prohibited can mean that important information is not communicated to users of assistive technologies. [Learn more about prohibited ARIA roles](https://dequeuniversity.com/rules/axe/4.11/aria-prohibited-attr).,0,,svg > g > g > a,"<a xlink:href=""https://www.nih.gov"" target=""_parent"" tabindex=""0"" aria-label=""NIH logo chevron"">",NIH logo chevron,"Fix all of the following:
  aria-label attribute cannot be used on a a with no valid role attribute."
https://lhcforms.nlm.nih.gov,success,aria-prohibited-attr,Elements use prohibited ARIA attributes,Using ARIA attributes in roles where they are prohibited can mean that important information is not communicated to users of assistive technologies. [Learn more about prohibited ARIA roles](https://dequeuniversity.com/rules/axe/4.11/aria-prohibited-attr).,0,,svg > g > g > a,"<a xlink:href=""https://www.nlm.nih.gov"" target=""_parent"" tabindex=""0"" aria-label=""portion of logo that reads National Library of Medicine"">",portion of logo that reads National Library of Medicine,"Fix all of the following:
  aria-label attribute cannot be used on a a with no valid role attribute."
https://lhcforms.nlm.nih.gov,success,aria-prohibited-attr,Elements use prohibited ARIA attributes,Using ARIA attributes in roles where they are prohibited can mean that important information is not communicated to users of assistive technologies. [Learn more about prohibited ARIA roles](https://dequeuniversity.com/rules/axe/4.11/aria-prohibited-attr).,0,,svg > g > g > a,"<a xlink:href=""https://lhncbc.nlm.nih.gov"" target=""_parent"" tabindex=""0"" aria-label=""portion of logo that reads Lister Hill National Center for Biomedical Comm…"">",portion of logo that reads Lister Hill National Center for Biomedical Communica…,"Fix all of the following:
  aria-label attribute cannot be used on a a with no valid role attribute."
https://lhcforms.nlm.nih.gov,success,color-contrast,Background and foreground colors do not have a sufficient contrast ratio.,Low-contrast text is difficult or impossible for many users to read. [Learn how to provide sufficient color contrast](https://dequeuniversity.com/rules/axe/4.11/color-contrast).,0,,div#sharedNavLinks > ul.nav-links > li > a#fhirLink,"<a id=""fhirLink"" href=""/"" class=""current"">",Home,"Fix any of the following:
  Element has insufficient color contrast of 4.13 (foreground color: #337ab7, background color: #ebf5ff, font size: 9.0pt (12px), font weight: bold). Expected contrast ratio of 4.5:1"
https://lhcforms.nlm.nih.gov,success,color-contrast,Background and foreground colors do not have a sufficient contrast ratio.,Low-contrast text is difficult or impossible for many users to read. [Learn how to provide sufficient color contrast](https://dequeuniversity.com/rules/axe/4.11/color-contrast).,0,,div#sharedNavLinks > ul.nav-links > li > a#lhcformsLink,"<a id=""lhcformsLink"" href=""/lhcforms"">",LHC-Forms Demo,"Fix any of the following:
  Element has insufficient color contrast of 4.13 (foreground color: #337ab7, background color: #ebf5ff, font size: 9.0pt (12px), font weight: normal). Expected contrast ratio of 4.5:1"
https://lhcforms.nlm.nih.gov,success,color-contrast,Background and foreground colors do not have a sufficient contrast ratio.,Low-contrast text is difficult or impossible for many users to read. [Learn how to provide sufficient color contrast](https://dequeuniversity.com/rules/axe/4.11/color-contrast).,0,,div#sharedNavLinks > ul.nav-links > li > a,"<a href=""https://formbuilder.nlm.nih.gov"" target=""_blank"">",Form Builder,"Fix any of the following:
  Element has insufficient color contrast of 4.13 (foreground color: #337ab7, background color: #ebf5ff, font size: 9.0pt (12px), font weight: normal). Expected contrast ratio of 4.5:1"
https://lhcforms.nlm.nih.gov,success,color-contrast,Background and foreground colors do not have a sufficient contrast ratio.,Low-contrast text is difficult or impossible for many users to read. [Learn how to provide sufficient color contrast](https://dequeuniversity.com/rules/axe/4.11/color-contrast).,0,,div#sharedNavLinks > ul.nav-links > li > a,"<a href=""https://clinicaltables.nlm.nih.gov"" target=""_blank"">",Clinical Table Search Service,"Fix any of the following:
  Element has insufficient color contrast of 4.13 (foreground color: #337ab7, background color: #ebf5ff, font size: 9.0pt (12px), font weight: normal). Expected contrast ratio of 4.5:1"
https://lhcforms.nlm.nih.gov,success,color-contrast,Background and foreground colors do not have a sufficient contrast ratio.,Low-contrast text is difficult or impossible for many users to read. [Learn how to provide sufficient color contrast](https://dequeuniversity.com/rules/axe/4.11/color-contrast).,0,,div#sharedNavLinks > ul.nav-links > li.last-item > a#sdcPageLink,"<a id=""sdcPageLink"" href=""/sdc"">",SDC Questionnaire App,"Fix any of the following:
  Element has insufficient color contrast of 4.13 (foreground color: #337ab7, background color: #ebf5ff, font size: 9.0pt (12px), font weight: normal). Expected contrast ratio of 4.5:1"
https://lhcforms.nlm.nih.gov,success,html-has-lang,`<html>` element does not have a `[lang]` attribute,"If a page doesn't specify a `lang` attribute, a screen reader assumes that the page is in the default language that the user chose when setting up the screen reader. If the page isn't actually in the default language, then the screen reader might not announce the page's text correctly. [Learn more about the `lang` attribute](https://dequeuniversity.com/rules/axe/4.11/html-has-lang).",0,,html,<html>,html,"Fix any of the following:
  The <html> element does not have a lang attribute"
https://lhcforms.nlm.nih.gov,success,target-size,Touch targets do not have sufficient size or spacing.,Touch targets with sufficient size and spacing help users who may have difficulty targeting small controls to activate the targets. [Learn more about touch targets](https://dequeuniversity.com/rules/axe/4.11/target-size).,0,,div#sharedNavLinks > ul.nav-links > li.last-item > a#sdcPageLink,"<a id=""sdcPageLink"" href=""/sdc"">",SDC Questionnaire App,"Fix any of the following:
  Target has insufficient size (127.4px by 14px, should be at least 24px by 24px)
  Target has insufficient space to its closest neighbors. Safe clickable space has a diameter of 19.8px instead of at least 24px."
https://lhcforms.nlm.nih.gov,success,target-size,Touch targets do not have sufficient size or spacing.,Touch targets with sufficient size and spacing help users who may have difficulty targeting small controls to activate the targets. [Learn more about touch targets](https://dequeuniversity.com/rules/axe/4.11/target-size).,0,,div.shared-row > div.shared-col-md-3 > p > a.shared-text-white,"<a href=""https://www.nlm.nih.gov/web_policies.html"" class=""shared-text-white"">",Web Policies,"Fix any of the following:
  Target has insufficient size (80.7px by 16px, should be at least 24px by 24px)
  Target has insufficient space to its closest neighbors. Safe clickable space has a diameter of 22.2px instead of at least 24px."
https://lhcforms.nlm.nih.gov,success,target-size,Touch targets do not have sufficient size or spacing.,Touch targets with sufficient size and spacing help users who may have difficulty targeting small controls to activate the targets. [Learn more about touch targets](https://dequeuniversity.com/rules/axe/4.11/target-size).,0,,div.shared-row > div.shared-col-md-3 > p > a.shared-text-white,"<a href=""https://www.nih.gov/institutes-nih/nih-office-director/office-communicatio…"" class=""shared-text-white"">",FOIA,"Fix any of the following:
  Target has insufficient size (32.7px by 16px, should be at least 24px by 24px)
  Target has insufficient space to its closest neighbors. Safe clickable space has a diameter of 16px instead of at least 24px."
https://lhcforms.nlm.nih.gov,success,target-size,Touch targets do not have sufficient size or spacing.,Touch targets with sufficient size and spacing help users who may have difficulty targeting small controls to activate the targets. [Learn more about touch targets](https://dequeuniversity.com/rules/axe/4.11/target-size).,0,,div.shared-row > div.shared-col-md-3 > p > a#nlmSupportLink,"<a id=""nlmSupportLink"" class=""shared-text-white"" href=""https://support.nlm.nih.gov/support/create-case/?from=https://lhcforms.nlm…"">",NLM Support Center,"Fix any of the following:
  Target has insufficient size (128.4px by 16px, should be at least 24px by 24px)
  Target has insufficient space to its closest neighbors. Safe clickable space has a diameter of 16px instead of at least 24px."
https://lhcforms.nlm.nih.gov,success,target-size,Touch targets do not have sufficient size or spacing.,Touch targets with sufficient size and spacing help users who may have difficulty targeting small controls to activate the targets. [Learn more about touch targets](https://dequeuniversity.com/rules/axe/4.11/target-size).,0,,div.shared-row > div.shared-col-md-3 > p > a.shared-text-white,"<a href=""https://www.nlm.nih.gov/accessibility.html"" class=""shared-text-white"">",Accessibility,"Fix any of the following:
  Target has insufficient size (76.3px by 16px, should be at least 24px by 24px)
  Target has insufficient space to its closest neighbors. Safe clickable space has a diameter of 16px instead of at least 24px."
https://lhcforms.nlm.nih.gov,success,target-size,Touch targets do not have sufficient size or spacing.,Touch targets with sufficient size and spacing help users who may have difficulty targeting small controls to activate the targets. [Learn more about touch targets](https://dequeuniversity.com/rules/axe/4.11/target-size).,0,,div.shared-row > div.shared-col-md-3 > p > a.shared-text-white,"<a href=""https://www.nlm.nih.gov/careers/careers.html"" class=""shared-text-white"">",Careers,"Fix any of the following:
  Target has insufficient size (49.8px by 16px, should be at least 24px by 24px)
  Target has insufficient space to its closest neighbors. Safe clickable space has a diameter of 16px instead of at least 24px."
https://lhcforms.nlm.nih.gov,success,landmark-one-main,Document does not have a main landmark.,One main landmark helps screen reader users navigate a web page. [Learn more about landmarks](https://dequeuniversity.com/rules/axe/4.11/landmark-one-main).,0,,html,<html>,html,"Fix all of the following:
  Document does not have a main landmark"
https://niams.nih.gov,success,,,,,,,,,
https://medicineonscreen.nlm.nih.gov,success,button-name,Buttons do not have an accessible name,"When a button doesn't have an accessible name, screen readers announce it as ""button"", making it unusable for users who rely on screen readers. [Learn how to make buttons more accessible](https://dequeuniversity.com/rules/axe/4.11/button-name).",0,,div#page > header#masthead > div.container > button#big-search-trigger,"<button id=""big-search-trigger"">",div#page > header#masthead > div.container > button#big-search-trigger,"Fix any of the following:
  Element does not have inner text that is visible to screen readers
  aria-label attribute does not exist or is empty
  aria-labelledby attribute does not exist, references elements that do not exist or references elements that are empty
  Element has no title attribute
  Element does not have an implicit (wrapped) <label>
  Element does not have an explicit <label>
  Element's default semantics were not overridden with role=""none"" or role=""presentation"""
https://medicineonscreen.nlm.nih.gov,success,color-contrast,Background and foreground colors do not have a sufficient contrast ratio.,Low-contrast text is difficult or impossible for many users to read. [Learn how to provide sufficient color contrast](https://dequeuniversity.com/rules/axe/4.11/color-contrast).,0,,div.entry-meta > span.post-date > a > time.entry-date,"<time class=""entry-date published"" datetime=""2026-04-14T14:00:44+00:00"">","APRIL 14, 2026","Fix any of the following:
  Element has insufficient color contrast of 1.76 (foreground color: #b9b9b9, background color: #f3f3f3, font size: 8.3pt (11px), font weight: normal). Expected contrast ratio of 4.5:1"
https://medicineonscreen.nlm.nih.gov,success,color-contrast,Background and foreground colors do not have a sufficient contrast ratio.,Low-contrast text is difficult or impossible for many users to read. [Learn how to provide sufficient color contrast](https://dequeuniversity.com/rules/axe/4.11/color-contrast).,0,,div.entry-meta > span.post-date > a > time.entry-date,"<time class=""entry-date published"" datetime=""2025-09-08T18:32:16+00:00"">","SEPTEMBER 8, 2025","Fix any of the following:
  Element has insufficient color contrast of 1.96 (foreground color: #b9b9b9, background color: #ffffff, font size: 8.3pt (11px), font weight: normal). Expected contrast ratio of 4.5:1"
https://medicineonscreen.nlm.nih.gov,success,color-contrast,Background and foreground colors do not have a sufficient contrast ratio.,Low-contrast text is difficult or impossible for many users to read. [Learn how to provide sufficient color contrast](https://dequeuniversity.com/rules/axe/4.11/color-contrast).,0,,div.entry-meta > span.post-date > a > time.entry-date,"<time class=""entry-date published"" datetime=""2025-05-05T14:28:04+00:00"">","MAY 5, 2025","Fix any of the following:
  Element has insufficient color contrast of 1.96 (foreground color: #b9b9b9, background color: #ffffff, font size: 8.3pt (11px), font weight: normal). Expected contrast ratio of 4.5:1"
https://medicineonscreen.nlm.nih.gov,success,color-contrast,Background and foreground colors do not have a sufficient contrast ratio.,Low-contrast text is difficult or impossible for many users to read. [Learn how to provide sufficient color contrast](https://dequeuniversity.com/rules/axe/4.11/color-contrast).,0,,div.entry-meta > span.post-date > a > time.entry-date,"<time class=""entry-date published"" datetime=""2024-07-09T11:00:00+00:00"">","JULY 9, 2024","Fix any of the following:
  Element has insufficient color contrast of 1.96 (foreground color: #b9b9b9, background color: #ffffff, font size: 8.3pt (11px), font weight: normal). Expected contrast ratio of 4.5:1"
https://medicineonscreen.nlm.nih.gov,success,color-contrast,Background and foreground colors do not have a sufficient contrast ratio.,Low-contrast text is difficult or impossible for many users to read. [Learn how to provide sufficient color contrast](https://dequeuniversity.com/rules/axe/4.11/color-contrast).,0,,div.entry-meta > span.post-date > a > time.entry-date,"<time class=""entry-date published"" datetime=""2023-09-18T20:32:04+00:00"">","SEPTEMBER 18, 2023","Fix any of the following:
  Element has insufficient color contrast of 1.96 (foreground color: #b9b9b9, background color: #ffffff, font size: 8.3pt (11px), font weight: normal). Expected contrast ratio of 4.5:1"
https://medicineonscreen.nlm.nih.gov,success,color-contrast,Background and foreground colors do not have a sufficient contrast ratio.,Low-contrast text is difficult or impossible for many users to read. [Learn how to provide sufficient color contrast](https://dequeuniversity.com/rules/axe/4.11/color-contrast).,0,,div.entry-meta > span.post-date > a > time.entry-date,"<time class=""entry-date published"" datetime=""2023-03-27T05:00:11+00:00"">","MARCH 27, 2023","Fix any of the following:
  Element has insufficient color contrast of 1.96 (foreground color: #b9b9b9, background color: #ffffff, font size: 8.3pt (11px), font weight: normal). Expected contrast ratio of 4.5:1"
https://medicineonscreen.nlm.nih.gov,success,color-contrast,Background and foreground colors do not have a sufficient contrast ratio.,Low-contrast text is difficult or impossible for many users to read. [Learn how to provide sufficient color contrast](https://dequeuniversity.com/rules/axe/4.11/color-contrast).,0,,div.entry-meta > span.post-date > a > time.entry-date,"<time class=""entry-date published"" datetime=""2022-11-16T15:30:58+00:00"">","NOVEMBER 16, 2022","Fix any of the following:
  Element has insufficient color contrast of 1.96 (foreground color: #b9b9b9, background color: #ffffff, font size: 8.3pt (11px), font weight: normal). Expected contrast ratio of 4.5:1"
https://medicineonscreen.nlm.nih.gov,success,color-contrast,Background and foreground colors do not have a sufficient contrast ratio.,Low-contrast text is difficult or impossible for many users to read. [Learn how to provide sufficient color contrast](https://dequeuniversity.com/rules/axe/4.11/color-contrast).,0,,div.entry-meta > span.post-date > a > time.entry-date,"<time class=""entry-date published"" datetime=""2022-07-12T11:00:41+00:00"">","JULY 12, 2022","Fix any of the following:
  Element has insufficient color contrast of 1.96 (foreground color: #b9b9b9, background color: #ffffff, font size: 8.3pt (11px), font weight: normal). Expected contrast ratio of 4.5:1"
https://medicineonscreen.nlm.nih.gov,success,color-contrast,Background and foreground colors do not have a sufficient contrast ratio.,Low-contrast text is difficult or impossible for many users to read. [Learn how to provide sufficient color contrast](https://dequeuniversity.com/rules/axe/4.11/color-contrast).,0,,div.entry-meta > span.post-date > a > time.entry-date,"<time class=""entry-date published"" datetime=""2021-09-20T12:00:13+00:00"">","SEPTEMBER 20, 2021","Fix any of the following:
  Element has insufficient color contrast of 1.96 (foreground color: #b9b9b9, background color: #ffffff, font size: 8.3pt (11px), font weight: normal). Expected contrast ratio of 4.5:1"
https://medicineonscreen.nlm.nih.gov,success,color-contrast,Background and foreground colors do not have a sufficient contrast ratio.,Low-contrast text is difficult or impossible for many users to read. [Learn how to provide sufficient color contrast](https://dequeuniversity.com/rules/axe/4.11/color-contrast).,0,,div.entry-meta > span.post-date > a > time.entry-date,"<time class=""entry-date published"" datetime=""2021-02-01T11:00:06+00:00"">","FEBRUARY 1, 2021","Fix any of the following:
  Element has insufficient color contrast of 1.96 (foreground color: #b9b9b9, background color: #ffffff, font size: 8.3pt (11px), font weight: normal). Expected contrast ratio of 4.5:1"
https://medicineonscreen.nlm.nih.gov,success,link-name,Links do not have a discernible name,"Link text (and alternate text for images, when used as links) that is discernible, unique, and focusable improves the navigation experience for screen reader users. [Learn how to make links accessible](https://dequeuniversity.com/rules/axe/4.11/link-name).",0,,div#post-load > article#post-13211 > figure.featured-image > a,"<a href=""https://medicineonscreen.nlm.nih.gov/2021/02/01/air-pollution-is-a-human-p…"">",div#post-load > article#post-13211 > figure.featured-image > a,"Fix all of the following:
  Element is in tab order and does not have accessible text

Fix any of the following:
  Element does not have text that is visible to screen readers
  aria-label attribute does not exist or is empty
  aria-labelledby attribute does not exist, references elements that do not exist or references elements that are empty
  Element has no title attribute"
https://medicineonscreen.nlm.nih.gov,success,target-size,Touch targets do not have sufficient size or spacing.,Touch targets with sufficient size and spacing help users who may have difficulty targeting small controls to activate the targets. [Learn more about touch targets](https://dequeuniversity.com/rules/axe/4.11/target-size).,0,,article#post-26186 > div.entry-meta > span.category-list > a,"<a href=""https://medicineonscreen.nlm.nih.gov/category/all/"" rel=""category tag"">",ALL,"Fix any of the following:
  Target has insufficient size (23.6px by 15px, should be at least 24px by 24px)
  Target has insufficient space to its closest neighbors. Safe clickable space has a diameter of 21.8px instead of at least 24px."
https://medicineonscreen.nlm.nih.gov,success,target-size,Touch targets do not have sufficient size or spacing.,Touch targets with sufficient size and spacing help users who may have difficulty targeting small controls to activate the targets. [Learn more about touch targets](https://dequeuniversity.com/rules/axe/4.11/target-size).,0,,article#post-26186 > div.entry-meta > span.category-list > a,"<a href=""https://medicineonscreen.nlm.nih.gov/category/all/sound/"" rel=""category tag"">",SOUND,"Fix any of the following:
  Target has insufficient size (41.7px by 15px, should be at least 24px by 24px)
  Target has insufficient space to its closest neighbors. Safe clickable space has a diameter of 21.8px instead of at least 24px."
https://medicineonscreen.nlm.nih.gov,success,target-size,Touch targets do not have sufficient size or spacing.,Touch targets with sufficient size and spacing help users who may have difficulty targeting small controls to activate the targets. [Learn more about touch targets](https://dequeuniversity.com/rules/axe/4.11/target-size).,0,,article#post-13722 > div.entry-meta > span.category-list > a,"<a href=""https://medicineonscreen.nlm.nih.gov/category/all/color/"" rel=""category tag"">",COLOR,"Fix any of the following:
  Target has insufficient size (43.8px by 15px, should be at least 24px by 24px)
  Target has insufficient space to its closest neighbors. Safe clickable space has a diameter of 18.4px instead of at least 24px."
https://medicineonscreen.nlm.nih.gov,success,target-size,Touch targets do not have sufficient size or spacing.,Touch targets with sufficient size and spacing help users who may have difficulty targeting small controls to activate the targets. [Learn more about touch targets](https://dequeuniversity.com/rules/axe/4.11/target-size).,0,,article#post-13722 > div.entry-meta > span.category-list > a,"<a href=""https://medicineonscreen.nlm.nih.gov/category/all/sound/"" rel=""category tag"">",SOUND,"Fix any of the following:
  Target has insufficient size (41.7px by 15px, should be at least 24px by 24px)
  Target has insufficient space to its closest neighbors. Safe clickable space has a diameter of 18.4px instead of at least 24px."
https://medicineonscreen.nlm.nih.gov,success,target-size,Touch targets do not have sufficient size or spacing.,Touch targets with sufficient size and spacing help users who may have difficulty targeting small controls to activate the targets. [Learn more about touch targets](https://dequeuniversity.com/rules/axe/4.11/target-size).,0,,article#post-13606 > div.entry-meta > span.category-list > a,"<a href=""https://medicineonscreen.nlm.nih.gov/category/all/black-white/"" rel=""category tag"">",BLACK & WHITE,"Fix any of the following:
  Target has insufficient size (92.6px by 15px, should be at least 24px by 24px)
  Target has insufficient space to its closest neighbors. Safe clickable space has a diameter of 22.4px instead of at least 24px."
https://medicineonscreen.nlm.nih.gov,success,target-size,Touch targets do not have sufficient size or spacing.,Touch targets with sufficient size and spacing help users who may have difficulty targeting small controls to activate the targets. [Learn more about touch targets](https://dequeuniversity.com/rules/axe/4.11/target-size).,0,,article#post-13606 > div.entry-meta > span.post-date > a,"<a href=""https://medicineonscreen.nlm.nih.gov/2021/09/20/shared-suffering-onscreen-…"" rel=""bookmark"">","SEPTEMBER 20, 2021","Fix any of the following:
  Target has insufficient size (114.3px by 14px, should be at least 24px by 24px)
  Target has insufficient space to its closest neighbors. Safe clickable space has a diameter of 22.4px instead of at least 24px."
https://medicineonscreen.nlm.nih.gov,success,target-size,Touch targets do not have sufficient size or spacing.,Touch targets with sufficient size and spacing help users who may have difficulty targeting small controls to activate the targets. [Learn more about touch targets](https://dequeuniversity.com/rules/axe/4.11/target-size).,0,,section#custom_html-4 > div.textwidget > strong > a,"<a href=""http://resource.nlm.nih.gov/9918248311406676"">",Where It Hurts (ca. 1970),"Fix any of the following:
  Target has insufficient size (162.7px by 18px, should be at least 24px by 24px)
  Target has insufficient space to its closest neighbors. Safe clickable space has a diameter of 21.2px instead of at least 24px."
https://medicineonscreen.nlm.nih.gov,success,target-size,Touch targets do not have sufficient size or spacing.,Touch targets with sufficient size and spacing help users who may have difficulty targeting small controls to activate the targets. [Learn more about touch targets](https://dequeuniversity.com/rules/axe/4.11/target-size).,0,,div.col-lg-4 > section#block-8 > p > a,"<a href=""https://www.nlm.nih.gov/accessibility.html"">",Accessibility,"Fix any of the following:
  Target has insufficient size (64.8px by 14px, should be at least 24px by 24px)
  Target has insufficient space to its closest neighbors. Safe clickable space has a diameter of 22.4px instead of at least 24px."
https://medicineonscreen.nlm.nih.gov,success,target-size,Touch targets do not have sufficient size or spacing.,Touch targets with sufficient size and spacing help users who may have difficulty targeting small controls to activate the targets. [Learn more about touch targets](https://dequeuniversity.com/rules/axe/4.11/target-size).,0,,div.col-lg-4 > section#block-8 > p > a,"<a href=""https://www.nlm.nih.gov/careers/careers.html"">",Careers,"Fix any of the following:
  Target has insufficient size (40px by 14px, should be at least 24px by 24px)
  Target has insufficient space to its closest neighbors. Safe clickable space has a diameter of 22.4px instead of at least 24px."
https://nichd.nih.gov,success,target-size,Touch targets do not have sufficient size or spacing.,Touch targets with sufficient size and spacing help users who may have difficulty targeting small controls to activate the targets. [Learn more about touch targets](https://dequeuniversity.com/rules/axe/4.11/target-size).,0,,div > div.clearfix > p > a,"<a href=""/grants-contracts/FOAs-notices/about"">",Learn the Basics,"Fix any of the following:
  Target has insufficient size (121.5px by 22px, should be at least 24px by 24px)
  Target has insufficient space to its closest neighbors. Safe clickable space has a diameter of 22.8px instead of at least 24px."
https://nichd.nih.gov,success,target-size,Touch targets do not have sufficient size or spacing.,Touch targets with sufficient size and spacing help users who may have difficulty targeting small controls to activate the targets. [Learn more about touch targets](https://dequeuniversity.com/rules/axe/4.11/target-size).,0,,div > div.clearfix > p > a,"<a href=""/grants-contracts/peer-review"">",Peer Review,"Fix any of the following:
  Target has insufficient size (90.6px by 22px, should be at least 24px by 24px)
  Target has insufficient space to its closest neighbors. Safe clickable space has a diameter of 22.8px instead of at least 24px."
https://nichd.nih.gov,success,target-size,Touch targets do not have sufficient size or spacing.,Touch targets with sufficient size and spacing help users who may have difficulty targeting small controls to activate the targets. [Learn more about touch targets](https://dequeuniversity.com/rules/axe/4.11/target-size).,0,,div > div.clearfix > p > a,"<a href=""/sampleapplicationsredirect"">",Sample Applications,"Fix any of the following:
  Target has insufficient size (150.7px by 22px, should be at least 24px by 24px)
  Target has insufficient space to its closest neighbors. Safe clickable space has a diameter of 22.8px instead of at least 24px."
https://nichd.nih.gov,success,target-size,Touch targets do not have sufficient size or spacing.,Touch targets with sufficient size and spacing help users who may have difficulty targeting small controls to activate the targets. [Learn more about touch targets](https://dequeuniversity.com/rules/axe/4.11/target-size).,0,,div.circle-text > div.views-field > span.field-content > a,"<a href=""/about/org/od"">",Office of the NICHD Director (OD),"Fix any of the following:
  Target has insufficient size (248.6px by 22px, should be at least 24px by 24px)
  Target has insufficient space to its closest neighbors. Safe clickable space has a diameter of 22.8px instead of at least 24px."
https://nichd.nih.gov,success,target-size,Touch targets do not have sufficient size or spacing.,Touch targets with sufficient size and spacing help users who may have difficulty targeting small controls to activate the targets. [Learn more about touch targets](https://dequeuniversity.com/rules/axe/4.11/target-size).,0,,div.circle-text > div.views-field > span.field-content > a,"<a href=""/about/org/der"">",Division of Extramural Research (DER),"Fix any of the following:
  Target has insufficient size (281.5px by 22px, should be at least 24px by 24px)
  Target has insufficient space to its closest neighbors. Safe clickable space has a diameter of 20.8px instead of at least 24px."
https://nichd.nih.gov,success,target-size,Touch targets do not have sufficient size or spacing.,Touch targets with sufficient size and spacing help users who may have difficulty targeting small controls to activate the targets. [Learn more about touch targets](https://dequeuniversity.com/rules/axe/4.11/target-size).,0,,div.circle-text > div.views-field > span.field-content > a,"<a href=""/about/org/dea"">",Division of Extramural Activities (DEA),"Fix any of the following:
  Target has insufficient size (279.2px by 22px, should be at least 24px by 24px)
  Target has insufficient space to its closest neighbors. Safe clickable space has a diameter of 20.8px instead of at least 24px."
https://nichd.nih.gov,success,target-size,Touch targets do not have sufficient size or spacing.,Touch targets with sufficient size and spacing help users who may have difficulty targeting small controls to activate the targets. [Learn more about touch targets](https://dequeuniversity.com/rules/axe/4.11/target-size).,0,,div.circle-text > div.views-field > span.field-content > a,"<a href=""/about/org/dir"">",Division of Intramural Research (DIR),"Fix any of the following:
  Target has insufficient size (274px by 22px, should be at least 24px by 24px)
  Target has insufficient space to its closest neighbors. Safe clickable space has a diameter of 21px instead of at least 24px."
https://niehs.nih.gov,success,,,,,,,,,
https://openi-vip.nlm.nih.gov,success,color-contrast,Background and foreground colors do not have a sufficient contrast ratio.,Low-contrast text is difficult or impossible for many users to read. [Learn how to provide sufficient color contrast](https://dequeuniversity.com/rules/axe/4.11/color-contrast).,0,,div#content > app-home > div.openi-related-sites > div,"<div _ngcontent-ng-c2263394713="""">",Related Sites:,"Fix any of the following:
  Element has insufficient color contrast of 2.35 (foreground color: #a9a9a9, background color: #ffffff, font size: 10.5pt (14px), font weight: bold). Expected contrast ratio of 4.5:1"
https://openi-vip.nlm.nih.gov,success,document-title,Document doesn't have a `<title>` element,"The title gives screen reader users an overview of the page, and search engine users rely on it heavily to determine if a page is relevant to their search. [Learn more about document titles](https://dequeuniversity.com/rules/axe/4.11/document-title).",0,,html,"<html lang=""en"">",html,"Fix any of the following:
  Document does not have a non-empty <title> element"
https://openi-vip.nlm.nih.gov,success,image-alt,Image elements do not have `[alt]` attributes,"Informative elements should aim for short, descriptive alternate text. Decorative elements can be ignored with an empty alt attribute. [Learn more about the `alt` attribute](https://dequeuniversity.com/rules/axe/4.11/image-alt).",0,,div.top-bar > div.logo > div.logo-image > img,"<img _ngcontent-ng-c479126218="""" src=""/assets/images/open-i-r-flat-01.svg"">",div.top-bar > div.logo > div.logo-image > img,"Fix any of the following:
  Element does not have an alt attribute
  aria-label attribute does not exist or is empty
  aria-labelledby attribute does not exist, references elements that do not exist or references elements that are empty
  Element has no title attribute
  Element's default semantics were not overridden with role=""none"" or role=""presentation"""
https://openi-vip.nlm.nih.gov,success,image-alt,Image elements do not have `[alt]` attributes,"Informative elements should aim for short, descriptive alternate text. Decorative elements can be ignored with an empty alt attribute. [Learn more about the `alt` attribute](https://dequeuniversity.com/rules/axe/4.11/image-alt).",0,,div.result > div.image > a > img,"<img _ngcontent-ng-c2263394713="""" src=""/imgs/150/119/4007713/PMC4007713_DEV098061F2.png"">",div.result > div.image > a > img,"Fix any of the following:
  Element does not have an alt attribute
  aria-label attribute does not exist or is empty
  aria-labelledby attribute does not exist, references elements that do not exist or references elements that are empty
  Element has no title attribute
  Element's default semantics were not overridden with role=""none"" or role=""presentation"""
https://openi-vip.nlm.nih.gov,success,image-alt,Image elements do not have `[alt]` attributes,"Informative elements should aim for short, descriptive alternate text. Decorative elements can be ignored with an empty alt attribute. [Learn more about the `alt` attribute](https://dequeuniversity.com/rules/axe/4.11/image-alt).",0,,div.result > div.image > a > img,"<img _ngcontent-ng-c2263394713="""" src=""/imgs/150/112/2883703/PMC2883703_6605702f1.png"">",div.result > div.image > a > img,"Fix any of the following:
  Element does not have an alt attribute
  aria-label attribute does not exist or is empty
  aria-labelledby attribute does not exist, references elements that do not exist or references elements that are empty
  Element has no title attribute
  Element's default semantics were not overridden with role=""none"" or role=""presentation"""
https://openi-vip.nlm.nih.gov,success,image-alt,Image elements do not have `[alt]` attributes,"Informative elements should aim for short, descriptive alternate text. Decorative elements can be ignored with an empty alt attribute. [Learn more about the `alt` attribute](https://dequeuniversity.com/rules/axe/4.11/image-alt).",0,,div.result > div.image > a > img,"<img _ngcontent-ng-c2263394713="""" src=""/imgs/150/317/3660244/PMC3660244_1479-5876-11-110-2.png"">",div.result > div.image > a > img,"Fix any of the following:
  Element does not have an alt attribute
  aria-label attribute does not exist or is empty
  aria-labelledby attribute does not exist, references elements that do not exist or references elements that are empty
  Element has no title attribute
  Element's default semantics were not overridden with role=""none"" or role=""presentation"""
https://openi-vip.nlm.nih.gov,success,link-name,Links do not have a discernible name,"Link text (and alternate text for images, when used as links) that is discernible, unique, and focusable improves the navigation experience for screen reader users. [Learn how to make links accessible](https://dequeuniversity.com/rules/axe/4.11/link-name).",0,,div.results > div.result > div.image > a,"<a _ngcontent-ng-c2263394713="""" href=""/gridquery?q=ear&amp;it=xg&amp;m=1&amp;n=100"">",div.results > div.result > div.image > a,"Fix all of the following:
  Element is in tab order and does not have accessible text

Fix any of the following:
  Element does not have text that is visible to screen readers
  aria-label attribute does not exist or is empty
  aria-labelledby attribute does not exist, references elements that do not exist or references elements that are empty
  Element has no title attribute"
https://openi-vip.nlm.nih.gov,success,link-name,Links do not have a discernible name,"Link text (and alternate text for images, when used as links) that is discernible, unique, and focusable improves the navigation experience for screen reader users. [Learn how to make links accessible](https://dequeuniversity.com/rules/axe/4.11/link-name).",0,,div.results > div.result > div.image > a,"<a _ngcontent-ng-c2263394713="""" href=""/gridquery?q=MYOGLOBIN&amp;it=xg&amp;m=1&amp;n=100"">",div.results > div.result > div.image > a,"Fix all of the following:
  Element is in tab order and does not have accessible text

Fix any of the following:
  Element does not have text that is visible to screen readers
  aria-label attribute does not exist or is empty
  aria-labelledby attribute does not exist, references elements that do not exist or references elements that are empty
  Element has no title attribute"
https://openi-vip.nlm.nih.gov,success,link-name,Links do not have a discernible name,"Link text (and alternate text for images, when used as links) that is discernible, unique, and focusable improves the navigation experience for screen reader users. [Learn how to make links accessible](https://dequeuniversity.com/rules/axe/4.11/link-name).",0,,div.results > div.result > div.image > a,"<a _ngcontent-ng-c2263394713="""" href=""/gridquery?q=tumor&amp;it=xg&amp;m=1&amp;n=100"">",div.results > div.result > div.image > a,"Fix all of the following:
  Element is in tab order and does not have accessible text

Fix any of the following:
  Element does not have text that is visible to screen readers
  aria-label attribute does not exist or is empty
  aria-labelledby attribute does not exist, references elements that do not exist or references elements that are empty
  Element has no title attribute"
https://openi-vip.nlm.nih.gov,success,list,Lists do not contain only `<li>` elements and script supporting elements (`<script>` and `<template>`).,Screen readers have a specific way of announcing lists. Ensuring proper list structure aids screen reader output. [Learn more about proper list structure](https://dequeuniversity.com/rules/axe/4.11/list).,0,,div.container > div.row > div.col-md-3 > ul.list-inline,"<ul _ngcontent-ng-c2943100758="""" class=""list-inline social_media"">",Twitter,"Fix all of the following:
  List element has direct children that are not allowed: a"
https://openi-vip.nlm.nih.gov,success,target-size,Touch targets do not have sufficient size or spacing.,Touch targets with sufficient size and spacing help users who may have difficulty targeting small controls to activate the targets. [Learn more about touch targets](https://dequeuniversity.com/rules/axe/4.11/target-size).,0,,div.row > div.col-md-3 > p > a#anch_70,"<a _ngcontent-ng-c2943100758="""" href=""https://www.nlm.nih.gov/web_policies.html"" id=""anch_70"" class=""text-white"">",Web Policies,"Fix any of the following:
  Target has insufficient size (85.5px by 14px, should be at least 24px by 24px)
  Target has insufficient space to its closest neighbors. Safe clickable space has a diameter of 6px instead of at least 24px."
https://openi-vip.nlm.nih.gov,success,target-size,Touch targets do not have sufficient size or spacing.,Touch targets with sufficient size and spacing help users who may have difficulty targeting small controls to activate the targets. [Learn more about touch targets](https://dequeuniversity.com/rules/axe/4.11/target-size).,0,,div.row > div.col-md-3 > p > a#anch_71,"<a _ngcontent-ng-c2943100758="""" href=""https://www.nih.gov/institutes-nih/nih-office-director/office-communicatio…"" id=""anch_71"" class=""text-white"">",FOIA,"Fix any of the following:
  Target has insufficient size (32.2px by 14px, should be at least 24px by 24px)
  Target has insufficient space to its closest neighbors. Safe clickable space has a diameter of 6px instead of at least 24px."
https://openi-vip.nlm.nih.gov,success,target-size,Touch targets do not have sufficient size or spacing.,Touch targets with sufficient size and spacing help users who may have difficulty targeting small controls to activate the targets. [Learn more about touch targets](https://dequeuniversity.com/rules/axe/4.11/target-size).,0,,div.row > div.col-md-3 > p > a#anch_73,"<a _ngcontent-ng-c2943100758="""" href=""https://support.nlm.nih.gov/support/create-case/?from=https://lhncbc.nlm.n…"" id=""anch_73"" class=""supportLink text-white"">",NLM Support Center,"Fix any of the following:
  Target has insufficient size (137.5px by 14px, should be at least 24px by 24px)
  Target has insufficient space to its closest neighbors. Safe clickable space has a diameter of 6px instead of at least 24px."
https://openi-vip.nlm.nih.gov,success,target-size,Touch targets do not have sufficient size or spacing.,Touch targets with sufficient size and spacing help users who may have difficulty targeting small controls to activate the targets. [Learn more about touch targets](https://dequeuniversity.com/rules/axe/4.11/target-size).,0,,div.row > div.col-md-3 > p > a#anch_74,"<a _ngcontent-ng-c2943100758="""" href=""https://www.nlm.nih.gov/accessibility.html"" id=""anch_74"" class=""text-white"">",Accessibility,"Fix any of the following:
  Target has insufficient size (84.5px by 14px, should be at least 24px by 24px)
  Target has insufficient space to its closest neighbors. Safe clickable space has a diameter of 6px instead of at least 24px."
https://openi-vip.nlm.nih.gov,success,target-size,Touch targets do not have sufficient size or spacing.,Touch targets with sufficient size and spacing help users who may have difficulty targeting small controls to activate the targets. [Learn more about touch targets](https://dequeuniversity.com/rules/axe/4.11/target-size).,0,,div.row > div.col-md-3 > p > a#anch_75,"<a _ngcontent-ng-c2943100758="""" href=""https://www.nlm.nih.gov/careers/careers.html"" id=""anch_75"" class=""text-white"">",Careers,"Fix any of the following:
  Target has insufficient size (52.2px by 14px, should be at least 24px by 24px)
  Target has insufficient space to its closest neighbors. Safe clickable space has a diameter of 6px instead of at least 24px."
https://openi-vip.nlm.nih.gov,success,target-size,Touch targets do not have sufficient size or spacing.,Touch targets with sufficient size and spacing help users who may have difficulty targeting small controls to activate the targets. [Learn more about touch targets](https://dequeuniversity.com/rules/axe/4.11/target-size).,0,,div.row > div.col-md-3 > p > a#anch_75,"<a _ngcontent-ng-c2943100758="""" href=""/contactus"" id=""anch_75"" class=""text-white"">",Contact Us,"Fix any of the following:
  Target has insufficient size (73.3px by 14px, should be at least 24px by 24px)
  Target has insufficient space to its closest neighbors. Safe clickable space has a diameter of 6px instead of at least 24px."
https://openi-vip.nlm.nih.gov,success,landmark-one-main,Document does not have a main landmark.,One main landmark helps screen reader users navigate a web page. [Learn more about landmarks](https://dequeuniversity.com/rules/axe/4.11/landmark-one-main).,0,,html,"<html lang=""en"">",html,"Fix all of the following:
  Document does not have a main landmark"
https://internal.ncbi.nlm.nih.gov,success,,,,,,,,,
https://nei.nih.gov,success,,,,,,,,,
https://dev.ncbi.nlm.nih.gov,success,,,,,,,,,
